'c69683b81073d16',100000,90500,4,'',0,2500,0,'Calgary',0,1000,4,'',0,7000,4,'',0,1500,4,'',0,3000,4,'',0,8500,0,'Calgary',0,49500,4,'',0,9500,0,'Calgary',0,10000,0,'Calgary',0,7000,0,'Calgary',0,500,4,'',0,2500,0,'Calgary',0,8500,0,'Calgary',0
'c69683b81073d32',100000,100000,4,'',0,4000,4,'',0,7000,4,'',0,59000,0,'Calgary',0,3000,0,'Calgary',0,7000,4,'',0,3000,0,'Calgary',0
'c69683b81073d64',100000,105500,4,'',0,67500,0,'Calgary',0,10000,0,'Calgary',0
'c69683b81073d8',100000,204000,4,'',0,6500,0,'Calgary',0
'c69683b81073d96',100000,90500,4,'',0,2500,0,'Calgary',0,1000,4,'',0,6000,4,'',0,1000,4,'',0,500,0,'Calgary',0,1000,4,'',0,3000,4,'',0,8500,0,'Calgary',0,49000,4,'',0,27000,0,'Calgary',0,3000,0,'Calgary',0,7000,0,'Calgary',0,1500,0,'Calgary',0
'c69684b81074d16',100000,90500,4,'',0,2500,0,'Calgary',0,1000,4,'',0,7000,4,'',0,4500,4,'',0,8500,0,'Calgary',0,49500,4,'',0,9500,0,'Calgary',0,7500,0,'Calgary',0,9500,0,'Calgary',0,500,4,'',0,11000,0,'Calgary',0
'c69684b81074d32',100000,100000,4,'',0,4000,4,'',0,7000,4,'',0,59000,0,'Calgary',0,3000,0,'Calgary',0,7000,0,'Calgary',0,3000,0,'Calgary',0
'c69684b81074d64',100000,105500,4,'',0,67500,0,'Calgary',0,10000,0,'Calgary',0
'c69684b81074d8',100000,204000,4,'',0,6500,0,'Calgary',0
'c69684b81074d96',100000,90500,4,'',0,2500,0,'Calgary',0,1000,4,'',0,7000,4,'',0,1500,4,'',0,11500,0,'Calgary',0,49500,4,'',0,26500,0,'Calgary',0,500,4,'',0,2500,0,'Calgary',0,8500,0,'Calgary',0
