'c69683b81073d16',100000,73000,0,'Banff',0,8000,0,'Banff',0,3000,0,'Banff',0,8000,0,'Banff',0,39000,0,'Calgary',0,19500,0,'Banff',0,49500,0,'Calgary',0,2500,0,'Calgary',0,8000,0,'Calgary',0,4000,0,'Calgary',0
'c69683b81073d32',100000,94000,0,'Banff',0,99000,0,'Calgary',0,7000,0,'Calgary',0
'c69683b81073d64',100000,92000,0,'Banff',0,108000,0,'Calgary',0
'c69683b81073d8',100000,190500,0,'Banff',0,32500,0,'Calgary',0
'c69683b81073d96',100000,73000,0,'Banff',0,8000,0,'Banff',0,1500,0,'Banff',0,1500,0,'Banff',0,8000,0,'Banff',0,39000,0,'Calgary',0,19000,0,'Banff',0,52500,0,'Calgary',0,8000,0,'Calgary',0,4000,0,'Calgary',0
'c69684b81074d16',100000,73000,0,'Banff',0,8000,0,'Banff',0,3000,0,'Banff',0,8000,0,'Banff',0,39000,0,'Calgary',0,19500,0,'Banff',0,42500,0,'Calgary',0,10500,0,'Calgary',0,11000,0,'Calgary',0
'c69684b81074d32',100000,94000,0,'Banff',0,99000,0,'Calgary',0,7000,0,'Calgary',0
'c69684b81074d64',100000,92000,0,'Banff',0,108000,0,'Calgary',0
'c69684b81074d8',100000,190500,0,'Banff',0,32500,0,'Calgary',0
'c69684b81074d96',100000,73000,0,'Banff',0,8000,0,'Banff',0,3000,0,'Banff',0,47000,0,'Calgary',0,19500,0,'Banff',0,52000,0,'Calgary',0,8000,0,'Calgary',0,4000,0,'Calgary',0
