'c45840b55939d31',300,61400,4,'',0,3000,4,'',0,7300,4,'',0,3500,4,'',0,7500,4,'',0,7500,4,'',0,3500,4,'',0,7500,4,'',0,10000,4,'',0,3500,4,'',0,7500,4,'',0,3500,4,'',0,7500,4,'',0,7500,4,'',0,3500,4,'',0,7500,4,'',0,3500,4,'',0,7500,4,'',0,7500,4,'',0,3500,4,'',0,7500,4,'',0,3500,4,'',0,10000,4,'',0,7500,4,'',0,3500,4,'',0,7500,4,'',0,11000,4,'',0
'c45840b55939d31',301,62100,,'',0,3000,,'',0,7500,,'',0,7500,,'',0,3500,,'',0,7500,,'',0,3500,,'',0,7000,,'',0,10200,,'',0,3500,,'',0,7500,,'',0,7500,,'',0,3500,,'',0,7500,,'',0,3500,,'',0,7500,,'',0,3500,,'',0,7500,,'',0,7500,,'',0,3500,,'',0,7500,,'',0,3500,,'',0,10000,,'',0,7500,,'',0,7300,,'',0,3500,,'',0,11000,,'',0
'c45840b55939d96',300,62400,4,'',0,10000,4,'',0,10000,4,'',0,10000,4,'',0,8500,4,'',0,3500,4,'',0,7500,4,'',0,3500,4,'',0,7500,4,'',0,7500,4,'',0,5200,4,'',0,7500,4,'',0,7500,4,'',0,3500,4,'',0,7500,4,'',0,3500,4,'',0,7500,4,'',0,9200,4,'',0,3500,4,'',0,7500,4,'',0,7500,4,'',0,3600,4,'',0,10000,4,'',0,10000,4,'',0
'c45840b55939d96',301,62800,,'',0,10000,,'',0,10000,,'',0,10000,,'',0,8700,,'',0,3500,,'',0,7500,,'',0,7500,,'',0,3500,,'',0,7500,,'',0,9200,,'',0,3500,,'',0,7500,,'',0,3500,,'',0,7500,,'',0,3500,,'',0,7500,,'',0,9200,,'',0,3500,,'',0,7500,,'',0,7500,,'',0,3400,,'',0,10000,,'',0,10000,,'',0
'c45813b55868d31',3000500,61500,4,'',0,3000,4,'',0,7000,4,'',0,3500,4,'',0,7500,4,'',0,7500,4,'',0,3500,4,'',0,7500,4,'',0,10000,4,'',0,3500,4,'',0,7500,4,'',0,3500,4,'',0,7500,4,'',0,7500,4,'',0,3500,4,'',0,7500,4,'',0,3500,4,'',0,7500,4,'',0,7500,4,'',0,3500,4,'',0,7500,4,'',0,3500,4,'',0,7500,4,'',0,10000,4,'',0,3500,4,'',0,15000,4,'',0
'c45813b55868d31',3000501,61800,,'',0,3000,,'',0,7500,,'',0,3500,,'',0,7500,,'',0,7500,,'',0,3500,,'',0,10000,,'',0,7500,,'',0,3400,,'',0,7400,,'',0,7500,,'',0,3500,,'',0,7500,,'',0,3500,,'',0,7500,,'',0,3500,,'',0,7500,,'',0,7500,,'',0,3500,,'',0,7500,,'',0,3500,,'',0,10000,,'',0,7500,,'',0,11000,,'',0,10800,,'',0
'c45813b55868d96',3000500,82400,4,'',0,3500,4,'',0,7500,4,'',0,7500,4,'',0,3500,4,'',0,7400,4,'',0,3400,4,'',0,7400,4,'',0,7400,4,'',0,3100,4,'',0,10000,4,'',0,7400,4,'',0,3400,4,'',0,7400,4,'',0,3400,4,'',0,7400,4,'',0,3500,4,'',0,7500,4,'',0,9900,4,'',0,7500,4,'',0,3500,4,'',0
'c45813b55868d96',3000501,83300,,'',0,7500,,'',0,3500,,'',0,7500,,'',0,3400,,'',0,7400,,'',0,7400,,'',0,3400,,'',0,7100,,'',0,9900,,'',0,3200,,'',0,7400,,'',0,3400,,'',0,7400,,'',0,3400,,'',0,7500,,'',0,7500,,'',0,9900,,'',0,3500,,'',0,7500,,'',0,3100,,'',0
'c45813b55868d31',20000500,61500,4,'',0,300,,'',0,3000,4,'',0,300,,'',0,7000,4,'',0,500,,'',0,3000,4,'',0,4500,,'',0,3000,4,'',0,500,,'',0,7000,4,'',0,500,,'',0,3000,4,'',0,500,,'',0,7000,4,'',0,3000,,'',0,7000,4,'',0,500,,'',0,3000,4,'',0,400,,'',0,7100,4,'',0,500,,'',0,7000,4,'',0,500,,'',0,3000,4,'',0,500,,'',0,7000,4,'',0,500,,'',0,3000,4,'',0,500,,'',0,7000,4,'',0,500,,'',0,3000,4,'',0,4500,,'',0,3000,4,'',0,500,,'',0,7000,4,'',0,500,,'',0,3000,4,'',0,500,,'',0,7000,4,'',0,500,,'',0,3000,4,'',0,500,,'',0,7000,4,'',0,3000,,'',0,7000,4,'',0,500,,'',0,7000,,'',0,3000,4,'',0,8000,,'',0,3000,4,'',0
'c45813b55868d96',20000500,82400,4,'',0,500,,'',0,3000,4,'',0,4500,,'',0,3000,4,'',0,500,,'',0,7000,4,'',0,500,,'',0,3000,4,'',0,500,,'',0,7000,4,'',0,500,,'',0,3000,4,'',0,500,,'',0,7000,4,'',0,500,,'',0,7000,4,'',0,500,,'',0,3000,4,'',0,6100,,'',0,3100,4,'',0,500,,'',0,7000,4,'',0,500,,'',0,3000,4,'',0,500,,'',0,7000,4,'',0,500,,'',0,3000,4,'',0,500,,'',0,7000,4,'',0,500,,'',0,7000,4,'',0,500,,'',0,3000,4,'',0,2200,,'',0,7000,4,'',0,500,,'',0,7000,4,'',0,500,,'',0
