103,2434984,1,0
103,2428690,2,0
103,2428689,3,0
103,2428688,4,0
103,2611961,5,0
103,2428685,6,0
103,2428684,7,0
103,2428683,8,0
103,2428682,9,0
103,2428681,10,1
104,2428701,1,0
104,2428700,2,0
104,2428699,3,0
104,2428698,4,0
104,2428669,5,0
104,2483904,6,0
104,2611962,7,0
104,2428695,8,0
104,2512554,9,0
104,2428694,10,0
104,2428693,11,0
104,2581624,12,0
104,2428692,13,0
104,2434984,14,1
203,2428673,1,0
203,2428672,2,0
203,2428688,3,0
203,2611961,4,0
203,2581579,5,0
203,2452887,6,0
203,2428670,7,0
203,2435112,8,0
203,2613909,9,0
203,2435111,10,0
203,2435110,11,0
203,2428678,12,0
203,2428677,13,0
203,2428676,14,0
203,2452886,15,0
203,2428669,16,0
203,2483904,17,0
203,2611962,18,0
203,2428695,19,0
203,2428674,20,1
303,2428659,1,0
303,2428658,2,0
303,2428657,3,0
303,2428656,4,0
303,2428700,5,0
303,2428680,6,0
303,2428685,7,1
304,2428685,1,0
304,2428683,2,0
304,2428681,3,0
304,2428679,4,0
304,2428663,5,0
304,2428662,6,0
304,2428661,7,0
304,2428660,8,0
304,2428659,9,1
403,2428666,1,0
403,2428665,2,0
403,2428664,3,0
403,2611961,4,0
403,2428685,5,0
403,2428684,6,0
403,2428683,7,0
403,2428682,8,0
403,2428681,9,1
404,2428701,1,0
404,2428700,2,0
404,2428699,3,0
404,2428698,4,0
404,2428669,5,0
404,2483904,6,0
404,2611962,7,0
404,2428695,8,0
404,2428668,9,0
404,2428667,10,0
404,2428666,11,1
503,2428615,1,0
503,2428637,2,0
503,2428638,3,0
503,2428636,4,0
503,2428635,5,0
503,2428634,6,0
503,2428633,7,0
503,2428632,8,0
503,2428631,9,0
503,2428659,10,0
503,2537733,11,0
503,2537734,12,0
503,2537735,13,0
503,2428658,14,0
503,2428630,15,0
503,2428657,16,0
503,2428629,17,0
503,2428628,18,0
503,2428627,19,0
503,2428626,20,0
503,2428625,21,0
503,2537738,22,0
503,2428624,23,0
503,2428622,24,0
503,2428623,25,0
503,2428621,26,1
504,2428655,1,0
504,2537730,2,0
504,2577172,3,0
504,2537732,4,0
504,2428646,5,0
504,2428645,6,0
504,2428644,7,0
504,2428661,8,0
504,2428660,9,0
504,2428659,10,0
504,2428643,11,0
504,2428642,12,0
504,2428641,13,0
504,2428640,14,0
504,2428639,15,0
504,2428654,16,0
504,2577174,17,0
504,2577173,18,0
504,2428615,19,1
1098101,2512565,1,0
1098101,2428657,2,0
1098101,2452884,3,0
1098101,2452883,4,0
1098101,2517686,5,1
1098102,2517686,1,0
1098102,2452883,2,0
1098102,2452884,3,0
1098102,2428657,4,0
1098102,2512565,5,1
2400803,2428685,1,0
2400803,2512552,2,0
2400803,2483623,3,1
2400804,2483623,1,0
2400804,2512553,2,0
2400804,2428685,3,1
