'c69683b81073d16',100000,71000,0,'Banff',0,3500,0,'Banff',0,7000,0,'Banff',0,2000,0,'Banff',0,6500,0,'Banff',0,21000,4,'',0,22000,4,'',0,11500,0,'Banff',0,27000,0,'Banff',0,19500,0,'Calgary',0,11000,4,'',0,2500,4,'',0,8500,0,'Calgary',0,7500,4,'',0
'c69683b81073d32',100000,80000,0,'Banff',0,5000,0,'Banff',0,6500,0,'Banff',0,68500,0,'Banff',0,24000,4,'',0,7000,4,'',0,4000,4,'',0,7000,0,'Calgary',0
'c69683b81073d64',100000,90000,0,'Banff',0,101000,0,'Calgary',0,11000,4,'',0
'c69683b81073d8',100000,184000,0,'Banff',0,41500,4,'',0
'c69683b81073d96',100000,71000,0,'Banff',0,3500,0,'Banff',0,6000,0,'Banff',0,1000,0,'Banff',0,2000,0,'Banff',0,6500,0,'Banff',0,21000,4,'',0,4500,4,'',0,17500,4,'',0,11000,0,'Banff',0,67000,4,'',0,1500,0,'Calgary',0,1500,4,'',0,6500,4,'',0
'c69684b81074d16',100000,71000,0,'Banff',0,3500,0,'Banff',0,7000,0,'Banff',0,8500,0,'Banff',0,21000,4,'',0,22000,4,'',0,11500,0,'Banff',0,27000,0,'Banff',0,19500,0,'Calgary',0,4000,4,'',0,15000,0,'Calgary',0,10500,4,'',0
'c69684b81074d32',100000,80000,0,'Banff',0,5000,0,'Banff',0,6500,0,'Banff',0,92500,4,'',0,7000,4,'',0,4000,4,'',0,7000,0,'Calgary',0
'c69684b81074d64',100000,90000,0,'Banff',0,101000,0,'Calgary',0,11000,4,'',0
'c69684b81074d8',100000,184000,0,'Banff',0,41500,4,'',0
'c69684b81074d96',100000,71000,0,'Banff',0,3500,0,'Banff',0,7000,0,'Banff',0,2000,0,'Banff',0,27500,4,'',0,22000,4,'',0,11500,0,'Banff',0,27000,0,'Banff',0,39500,4,'',0,1500,0,'Calgary',0,8000,4,'',0
