103,2434984,1,0
103,2428690,2,0
103,2428689,3,0
103,2428688,4,0
103,2428687,5,0
103,2428686,6,0
103,2428685,7,0
103,2428684,8,0
103,2428683,9,0
103,2428682,10,0
103,2428681,11,0
103,2428701,12,1
104,2428701,1,0
104,2428681,2,0
104,2428700,3,0
104,2428699,4,0
104,2428698,5,0
104,2428669,6,0
104,2428697,7,0
104,2428696,8,0
104,2428695,9,0
104,2428694,10,0
104,2428693,11,0
104,2428692,12,0
104,2434984,13,1
203,2428673,1,0
203,2428672,2,0
203,2428688,3,0
203,2428687,4,0
203,2428686,5,0
203,2428685,6,0
203,2452887,7,0
203,2428670,8,0
203,2435112,9,0
203,2435111,10,1
204,2435111,1,0
204,2435110,2,0
204,2428678,3,0
204,2428677,4,0
204,2428676,5,0
204,2452886,6,0
204,2428669,7,0
204,2428697,8,0
204,2428696,9,0
204,2428695,10,0
204,2428674,11,0
204,2428673,12,1
303,2428657,1,0
303,2428656,2,0
303,2428680,3,0
303,2428685,4,1
304,2428685,1,0
304,2428683,2,0
304,2428681,3,0
304,2428679,4,0
304,2428663,5,0
304,2428662,6,0
304,2428661,7,0
304,2428660,8,0
304,2428659,9,0
304,2428658,10,0
304,2428657,11,1
403,2428668,1,0
403,2428691,2,0
403,2428695,3,0
403,2428666,4,0
403,2428697,5,0
403,2428696,6,0
403,2428667,7,1
404,2428695,1,0
404,2428668,2,0
404,2428666,3,0
404,2428665,4,0
404,2428664,5,0
404,2428687,6,0
404,2428686,7,0
404,2428685,8,0
404,2428691,9,1
503,2428637,1,0
503,2428638,2,0
503,2428636,3,0
503,2428635,4,0
503,2428634,5,0
503,2428633,6,0
503,2428632,7,0
503,2428631,8,0
503,2428659,9,0
503,2428658,10,0
503,2428630,11,0
503,2428657,12,0
503,2428629,13,0
503,2428628,14,0
503,2428627,15,0
503,2428626,16,0
503,2428625,17,0
503,2428624,18,0
503,2428622,19,0
503,2428623,20,0
503,2428621,21,0
503,2428655,22,1
504,2428655,1,0
504,2428614,2,0
504,2428653,3,0
504,2428652,4,0
504,2428651,5,0
504,2428650,6,0
504,2428649,7,0
504,2428648,8,0
504,2428647,9,0
504,2428646,10,0
504,2428645,11,0
504,2428644,12,0
504,2428661,13,0
504,2428660,14,0
504,2428659,15,0
504,2428643,16,0
504,2428642,17,0
504,2428641,18,0
504,2428640,19,0
504,2428639,20,0
504,2428654,21,0
504,2428619,22,0
504,2428615,23,0
504,2428637,24,1
603,2428685,1,0
603,2428683,2,0
603,2428681,3,0
603,2435113,4,0
603,2435115,5,0
603,2435116,6,0
603,2435117,7,0
603,2435118,8,0
603,2435119,9,0
603,2435121,10,0
603,2435120,11,1
604,2435120,1,0
604,2435131,2,0
604,2435130,3,0
604,2435129,4,0
604,2435128,5,0
604,2435127,6,0
604,2435126,7,0
604,2435114,8,0
604,2428691,9,0
604,2428685,10,1
200503,2428637,1,0
200503,2428638,2,0
200503,2428636,3,0
200503,2428635,4,0
200503,2428634,5,0
200503,2428618,6,0
200503,2428617,7,0
200503,2428616,8,0
200503,2428633,9,0
200503,2428632,10,0
200503,2428631,11,0
200503,2428659,12,0
200503,2428658,13,0
200503,2428630,14,0
200503,2428657,15,0
200503,2428629,16,0
200503,2428628,17,0
200503,2428627,18,0
200503,2428626,19,0
200503,2428625,20,0
200503,2428624,21,0
200503,2428622,22,0
200503,2428623,23,0
200503,2428621,24,0
200503,2428655,25,1
200504,2428655,1,0
200504,2428620,2,0
200504,2428646,3,0
200504,2428645,4,0
200504,2428644,5,0
200504,2428661,6,0
200504,2428660,7,0
200504,2428659,8,0
200504,2428643,9,0
200504,2428642,10,0
200504,2428641,11,0
200504,2428618,12,0
200504,2428617,13,0
200504,2428616,14,0
200504,2428640,15,0
200504,2428639,16,0
200504,2428654,17,0
200504,2428619,18,0
200504,2428615,19,0
200504,2428637,20,1
1098101,2428685,1,0
1098101,2428657,2,0
1098101,2452884,3,0
1098101,2452883,4,1
1098102,2452883,1,0
1098102,2452884,2,0
1098102,2428657,3,0
1098102,2428691,4,0
1098102,2428685,5,1
