3000509,'1033976',2349,,871,7,,,0
3000509,'1034033',719,,875,7,,,0
3000509,'1034035',753,,876,7,,,0
3000509,'1034067',1410,,881,7,,,0
3000509,'1034076',645,,882,7,,,0
3000509,'1034110',2121,,885,7,,,0
3000509,'1034148',1451,,888,7,,,0
3000509,'1034156',2312,,889,7,,,0
3000509,'1034169',903,,892,7,,,0
3000509,'1034184',2158,,895,7,,,0
3000509,'1034201',1816,,899,7,,,0
3000509,'1034225',1857,,901,7,,,0
3000509,'1034245',1735,,902,7,,,0
3000509,'1034287',939,,905,7,,,0
3000509,'1034350',2235,,907,7,,,0
3000509,'1034352',611,,908,7,,,0
3000509,'1034367',2044,,910,7,,,0
3000509,'1034377',1654,,912,7,,,0
3000509,'1034390',1019,,913,7,,,0
3000509,'1034399',1329,,914,7,,,0
3000509,'1034403',1532,,915,7,,,0
3000509,'1034404',1130,,916,7,,,0
3000509,'1034447',1210,,919,7,,,0
3000509,'1034470',1937,,921,7,,,0
3000509,'1034471',1613,,922,7,,,0
3000509,'1034472',1248,,923,7,,,0
3000509,'1034480',828,,924,7,,,0
