20000509,'1033993',1429,,927,6,,,0
20000509,'1034008',2329,,929,6,,,0
20000509,'1034016',2252,,930,6,,,0
20000509,'1034041',1150,,931,6,,,0
20000509,'1034055',1229,,932,6,,,0
20000509,'1034086',2019,,935,6,,,0
20000509,'1034093',700,,937,6,,,0
20000509,'1034122',1549,,940,6,,,0
20000509,'1034151',624,,943,6,,,0
20000509,'1034170',1909,,945,6,,,0
20000509,'1034187',2059,,946,6,,,0
20000509,'1034207',1349,,948,6,,,0
20000509,'1034217',812,,950,6,,,0
20000509,'1034224',1709,,951,6,,,0
20000509,'1034289',2406,,957,6,,,0
20000509,'1034293',1309,,958,6,,,0
20000509,'1034306',1749,,959,6,,,0
20000509,'1034314',1509,,960,6,,,0
20000509,'1034317',1002,,961,6,,,0
20000509,'1034331',736,,963,6,,,0
20000509,'1034353',1629,,966,6,,,0
20000509,'1034366',924,,968,6,,,0
20000509,'1034405',1111,,971,6,,,0
20000509,'1034409',2138,,972,6,,,0
20000509,'1034442',1829,,975,6,,,0
20000509,'1034450',848,,976,6,,,0
20000509,'1034457',2215,,978,6,,,0
