109,'1033981',2330,,516,13,4,,0
109,'1034007',713,,520,13,4,,0
109,'1034018',739,,523,13,4,,0
109,'1034027',646,,525,13,4,,0
109,'1034040',1715,,527,13,4,,0
109,'1034060',1311,,531,13,4,,0
109,'1034180',1912,,552,13,4,,0
109,'1034183',1737,,554,13,4,,0
109,'1034239',1627,,561,13,4,,0
109,'1034241',1659,,562,13,4,,0
109,'1034248',834,,564,13,4,,0
109,'1034300',553,,577,13,4,,0
109,'1034307',1825,,580,13,4,,0
109,'1034346',2106,,589,13,4,,0
109,'1034371',1753,,595,13,4,,0
109,'1034387',1809,,599,13,4,,0
109,'1034402',2357,,603,13,4,,0
109,'1034444',808,,610,13,4,,0
109,'1034476',1255,,614,13,4,,0
109,'1034479',1643,,616,13,4,,0
