109,'1033958',2140,,511,11,0,19,0
109,'1033964',1617,,512,11,0,19,0
109,'1033965',1727,,513,11,0,19,0
109,'1033969',1836,,514,11,0,19,0
109,'1033974',1655,,515,11,0,19,0
109,'1033987',2232,,518,11,0,19,0
109,'1034024',708,,524,11,0,19,0
109,'1034043',2049,,528,11,0,19,0
109,'1034052',1633,,530,11,0,19,0
109,'1034065',1043,,532,11,0,19,0
109,'1034066',1513,,533,11,0,19,0
109,'1034088',1246,,535,11,0,19,0
109,'1034095',1145,,536,11,0,19,0
109,'1034096',1601,,537,11,0,19,0
109,'1034101',1441,,538,11,0,19,0
109,'1034105',1104,,539,11,0,19,0
109,'1034108',1425,,540,11,0,19,0
109,'1034112',1743,,542,11,0,19,0
109,'1034124',2017,,544,11,0,19,0
109,'1034134',522,,546,11,0,19,0
109,'1034139',2114,,547,11,0,19,0
109,'1034143',2324,,548,11,0,19,0
109,'1034171',615,,550,11,0,19,0
109,'1034179',1945,,551,11,0,19,0
109,'1034182',2033,,553,11,0,19,0
109,'1034191',1353,,555,11,0,19,0
109,'1034233',1230,,559,11,0,19,0
109,'1034234',642,,560,11,0,19,0
109,'1034249',958,,565,11,0,19,0
109,'1034250',1711,,566,11,0,19,0
109,'1034268',1200,,571,11,0,19,0
109,'1034282',834,,573,11,0,19,0
109,'1034288',1529,,574,11,0,19,0
109,'1034291',1820,,575,11,0,19,0
109,'1034303',2206,,578,11,0,19,0
109,'1034304',1021,,579,11,0,19,0
109,'1034311',2258,,581,11,0,19,0
109,'1034315',1457,,583,11,0,19,0
109,'1034328',1545,,585,11,0,19,0
109,'1034336',1852,,586,11,0,19,0
109,'1034340',912,,587,11,0,19,0
109,'1034342',1214,,588,11,0,19,0
109,'1034362',1337,,591,11,0,19,0
109,'1034363',737,,592,11,0,19,0
109,'1034364',803,,593,11,0,19,0
109,'1034379',1302,,597,11,0,19,0
109,'1034385',1908,,598,11,0,19,0
109,'1034391',933,,600,11,0,19,0
109,'1034394',1321,,601,11,0,19,0
109,'1034410',1129,,604,11,0,19,0
109,'1034415',1804,,605,11,0,19,0
109,'1034462',854,,611,11,0,19,0
109,'1034469',1409,,613,11,0,19,0
