309,'1033972',2242,,702,6,0,9,0
309,'1034000',852,,704,6,0,9,0
309,'1034001',633,,705,6,0,9,0
309,'1034002',1429,,706,6,0,9,0
309,'1034013',1003,,709,6,0,9,0
309,'1034021',656,,712,6,0,9,0
309,'1034023',1542,,713,6,0,9,0
309,'1034026',1343,,714,6,0,9,0
309,'1034057',1959,,717,6,0,9,0
309,'1034072',2022,,719,6,0,9,0
309,'1034083',1847,,721,6,0,9,0
309,'1034130',2133,,725,6,0,9,0
309,'1034141',1759,,726,6,0,9,0
309,'1034174',1628,,729,6,0,9,0
309,'1034199',2109,,732,6,0,9,0
309,'1034208',1037,,733,6,0,9,0
309,'1034223',741,,736,6,0,9,0
309,'1034231',718,,737,6,0,9,0
309,'1034240',610,,740,6,0,9,0
309,'1034266',1822,,744,6,0,9,0
309,'1034271',1518,,745,6,0,9,0
309,'1034272',829,,746,6,0,9,0
309,'1034294',1320,,747,6,0,9,0
309,'1034323',1456,,748,6,0,9,0
309,'1034329',1145,,749,6,0,9,0
309,'1034332',1736,,750,6,0,9,0
309,'1034334',1117,,751,6,0,9,0
309,'1034337',916,,752,6,0,9,0
309,'1034338',940,,753,6,0,9,0
309,'1034365',2349,,757,6,0,9,0
309,'1034398',805,,761,6,0,9,0
309,'1034418',1714,,762,6,0,9,0
309,'1034419',1911,,763,6,0,9,0
309,'1034420',1256,,764,6,0,9,0
309,'1034426',1231,,767,6,0,9,0
309,'1034431',1211,,770,6,0,9,0
309,'1034448',1405,,773,6,0,9,0
309,'1034455',1604,,774,6,0,9,0
309,'1034463',1651,,775,6,0,9,0
