109,'1033981',2315,,516,4,,,0
109,'1033986',2250,,517,4,,,0
109,'1034005',2158,,519,4,,,0
109,'1034007',700,,520,4,0,7 8,0
109,'1034015',1402,,521,4,,,0
109,'1034017',1154,,522,4,,,0
109,'1034018',726,,523,4,0,7 8,0
109,'1034027',633,,525,4,0,7 8,0
109,'1034039',1841,,526,4,,,0
109,'1034040',1658,,527,4,0,7 8,0
109,'1034045',1311,,529,4,,,0
109,'1034060',1255,,531,4,0,7 8,0
109,'1034069',958,,534,4,,,0
109,'1034111',1522,,541,4,,,0
109,'1034117',1023,,543,4,,,0
109,'1034132',1450,,545,4,,,0
109,'1034144',2107,,549,4,,,0
109,'1034180',1857,,552,4,,,0
109,'1034183',1720,,554,4,0,7 8,0
109,'1034209',2003,,556,4,,,0
109,'1034212',1913,,557,4,,,0
109,'1034214',1418,,558,4,,,0
109,'1034239',1610,,561,4,0,7 8,0
109,'1034241',1642,,562,4,0,7 8,0
109,'1034243',1434,,563,4,,,0
109,'1034248',821,,564,4,0,7 8,0
109,'1034251',2224,,567,4,,,0
109,'1034261',1046,,568,4,,,0
109,'1034262',857,,569,4,,,0
109,'1034265',1129,,570,4,,,0
109,'1034280',1210,,572,4,,,0
109,'1034292',1108,,576,4,,,0
109,'1034300',540,,577,4,0,7 8,0
109,'1034307',1808,,580,4,0,7 8,0
109,'1034313',1506,,582,4,,,0
109,'1034319',1346,,584,4,,,0
109,'1034346',2051,,589,4,,,0
109,'1034358',937,,590,4,,,0
109,'1034368',2035,,594,4,,,0
109,'1034371',1736,,595,4,0,7 8,0
109,'1034378',1554,,596,4,,,0
109,'1034387',1752,,599,4,0,7 8,0
109,'1034396',1327,,602,4,,,0
109,'1034402',2342,,603,4,,,0
109,'1034416',1225,,606,4,,,0
109,'1034417',2132,,607,4,,,0
109,'1034430',917,,608,4,,,0
109,'1034434',1929,,609,4,,,0
109,'1034444',755,,610,4,0,7 8,0
109,'1034465',1538,,612,4,,,0
109,'1034476',1239,,614,4,0,7 8,0
109,'1034478',1825,,615,4,,,0
109,'1034479',1626,,616,4,0,7 8,0
