109,'1033981',2320,,516,7,,,0
109,'1033986',2255,,517,7,,,0
109,'1034005',2203,,519,7,,,0
109,'1034007',704,,520,7,0,7 8,0
109,'1034015',1409,,521,7,,,0
109,'1034017',1200,,522,7,,,0
109,'1034018',730,,523,7,0,7 8,0
109,'1034027',637,,525,7,0,7 8,0
109,'1034039',1846,,526,7,,,0
109,'1034040',1705,,527,7,0,7 8,0
109,'1034045',1317,,529,7,,,0
109,'1034060',1301,,531,7,0,7 8,0
109,'1034069',1004,,534,7,,,0
109,'1034111',1529,,541,7,,,0
109,'1034117',1029,,543,7,,,0
109,'1034132',1457,,545,7,,,0
109,'1034144',2112,,549,7,,,0
109,'1034180',1902,,552,7,,,0
109,'1034183',1727,,554,7,0,7 8,0
109,'1034209',2008,,556,7,,,0
109,'1034212',1918,,557,7,,,0
109,'1034214',1425,,558,7,,,0
109,'1034239',1617,,561,7,0,7 8,0
109,'1034241',1649,,562,7,0,7 8,0
109,'1034243',1441,,563,7,,,0
109,'1034248',825,,564,7,0,7 8,0
109,'1034251',2229,,567,7,,,0
109,'1034261',1052,,568,7,,,0
109,'1034262',903,,569,7,,,0
109,'1034265',1135,,570,7,,,0
109,'1034280',1216,,572,7,,,0
109,'1034292',1114,,576,7,,,0
109,'1034300',544,,577,7,0,7 8,0
109,'1034307',1815,,580,7,0,7 8,0
109,'1034313',1513,,582,7,,,0
109,'1034319',1353,,584,7,,,0
109,'1034346',2056,,589,7,,,0
109,'1034358',943,,590,7,,,0
109,'1034368',2040,,594,7,,,0
109,'1034371',1743,,595,7,0,7 8,0
109,'1034378',1601,,596,7,,,0
109,'1034387',1759,,599,7,0,7 8,0
109,'1034396',1333,,602,7,,,0
109,'1034402',2347,,603,7,,,0
109,'1034416',1231,,606,7,,,0
109,'1034417',2137,,607,7,,,0
109,'1034430',923,,608,7,,,0
109,'1034434',1934,,609,7,,,0
109,'1034444',759,,610,7,0,7 8,0
109,'1034465',1545,,612,7,,,0
109,'1034476',1245,,614,7,0,7 8,0
109,'1034478',1830,,615,7,,,0
109,'1034479',1633,,616,7,0,7 8,0
209,'1033961',1419,,618,5,,,0
209,'1033967',1709,,620,5,,,0
209,'1033968',1832,,621,5,,,0
209,'1033999',1523,,626,5,,,0
209,'1034006',1009,,628,5,,,0
209,'1034011',1544,,629,5,,,0
209,'1034031',1335,,631,5,,,0
209,'1034048',2106,,634,5,,,0
209,'1034049',1233,,635,5,,,0
209,'1034068',811,,637,5,,,0
209,'1034071',2335,,638,5,,,0
209,'1034081',1955,,639,5,,,0
209,'1034082',650,,640,5,,,0
209,'1034085',1040,,641,5,,,0
209,'1034087',937,,642,5,,,0
209,'1034097',2135,,643,5,,,0
209,'1034100',1730,,644,5,,,0
209,'1034113',2356,,645,5,,,0
209,'1034114',1752,,646,5,,,0
209,'1034115',1314,,647,5,,,0
209,'1034125',2206,,648,5,,,0
209,'1034131',2016,,649,5,,,0
209,'1034153',2302,,652,5,,,0
209,'1034155',910,,653,5,,,0
209,'1034162',744,,655,5,,,0
209,'1034175',1811,,658,5,,,0
209,'1034176',1253,,659,5,,,0
209,'1034186',838,,660,5,,,0
209,'1034195',1358,,661,5,,,0
209,'1034206',1440,,665,5,,,0
209,'1034229',2040,,670,5,,,0
209,'1034302',1648,,678,5,,,0
209,'1034322',2235,,680,5,,,0
209,'1034324',1854,,681,5,,,0
209,'1034357',1212,,687,5,,,0
209,'1034361',1146,,688,5,,,0
209,'1034374',1915,,690,5,,,0
209,'1034381',1605,,691,5,,,0
209,'1034389',1627,,693,5,,,0
209,'1034400',1119,,695,5,,,0
209,'1034446',1936,,698,5,,,0
209,'1034461',1501,,699,5,,,0
409,'1033979',1009,,779,5,,,0
409,'1033994',1640,,780,5,,,0
409,'1034099',1523,,785,5,,,0
409,'1034154',1722,,788,5,,,0
409,'1034189',1302,,790,5,,,0
409,'1034298',1145,,792,5,,,0
409,'1034382',1436,,794,5,,,0
409,'1034451',1057,,796,5,,,0
409,'1034453',921,,797,5,,,0
409,'1034474',1349,,798,5,,,0
