3000509,'1033957',1642,,870,12,0,17 18,0
3000509,'1033988',2301,,872,12,0,17 18,0
3000509,'1033996',2147,,873,12,0,17 18,0
3000509,'1033997',2110,,874,12,0,17 18,0
3000509,'1034038',1520,,877,12,0,17 18,0
3000509,'1034053',927,,878,12,0,17 18,0
3000509,'1034054',817,,879,12,0,17 18,0
3000509,'1034061',1439,,880,12,0,17 18,0
3000509,'1034077',742,,883,12,0,17 18,0
3000509,'1034091',1845,,884,12,0,17 18,0
3000509,'1034127',1158,,886,12,0,17 18,0
3000509,'1034138',2415,,887,12,0,17 18,0
3000509,'1034166',1723,,890,12,0,17 18,0
3000509,'1034167',2224,,891,12,0,17 18,0
3000509,'1034172',1601,,893,12,0,17 18,0
3000509,'1034173',1358,,894,12,0,17 18,0
3000509,'1034193',1804,,896,12,0,17 18,0
3000509,'1034198',634,,897,12,0,17 18,0
3000509,'1034200',708,,898,12,0,17 18,0
3000509,'1034204',1317,,900,12,0,17 18,0
3000509,'1034253',600,,903,9,0,17 18,0
3000509,'1034284',2033,,904,12,0,17 18,0
3000509,'1034333',1236,,906,12,0,17 18,0
3000509,'1034356',1118,,909,12,0,17 18,0
3000509,'1034375',2338,,911,12,0,17 18,0
3000509,'1034413',852,,917,12,0,17 18,0
3000509,'1034445',1007,,918,12,0,17 18,0
3000509,'1034464',1926,,920,12,0,17 18,0
