609,'1034022',1831,,802,8,0,22,0
609,'1034050',1137,,804,8,0,22,0
609,'1034059',1032,,806,8,0,22,0
609,'1034080',927,,807,8,0,22,0
609,'1034103',1721,,808,8,0,22,0
609,'1034121',1426,,810,8,0,22,0
609,'1034190',1536,,818,8,0,22,0
609,'1034211',1241,,819,8,0,22,0
609,'1034242',1756,,820,8,0,22,0
609,'1034246',1646,,821,8,0,22,0
609,'1034257',2032,,822,8,0,22,0
609,'1034267',1316,,823,8,0,22,0
609,'1034309',1931,,827,8,0,22,0
609,'1034310',1107,,828,8,0,22,0
609,'1034330',1501,,831,8,0,22,0
609,'1034349',1351,,832,8,0,22,0
609,'1034407',822,,834,8,0,22,0
609,'1034449',1611,,835,8,0,22,0
609,'1034458',2005,,836,8,0,22,0
