3000509,'1033976',2342,,871,2,,,0
3000509,'1034033',712,,875,2,,,0
3000509,'1034035',746,,876,2,,,0
3000509,'1034067',1402,,881,2,,,0
3000509,'1034076',638,,882,2,,,0
3000509,'1034110',2114,,885,2,,,0
3000509,'1034148',1443,,888,2,,,0
3000509,'1034156',2305,,889,2,,,0
3000509,'1034169',856,,892,2,,,0
3000509,'1034184',2151,,895,2,,,0
3000509,'1034201',1808,,899,2,,,0
3000509,'1034225',1849,,901,2,,,0
3000509,'1034245',1727,,902,2,,,0
3000509,'1034287',931,,905,2,,,0
3000509,'1034350',2228,,907,2,,,0
3000509,'1034352',604,,908,2,,,0
3000509,'1034367',2037,,910,2,,,0
3000509,'1034377',1646,,912,2,,,0
3000509,'1034390',1011,,913,2,,,0
3000509,'1034399',1321,,914,2,,,0
3000509,'1034403',1524,,915,2,,,0
3000509,'1034404',1122,,916,2,,,0
3000509,'1034447',1202,,919,2,,,0
3000509,'1034470',1930,,921,2,,,0
3000509,'1034471',1605,,922,2,,,0
3000509,'1034472',1240,,923,2,,,0
3000509,'1034480',821,,924,2,,,0
