3000509,'1033976',2350,,871,8,,,0
3000509,'1034033',720,,875,8,,,0
3000509,'1034035',754,,876,8,,,0
3000509,'1034067',1411,,881,8,,,0
3000509,'1034076',646,,882,8,,,0
3000509,'1034110',2122,,885,8,,,0
3000509,'1034148',1452,,888,8,,,0
3000509,'1034156',2313,,889,8,,,0
3000509,'1034169',904,,892,8,,,0
3000509,'1034184',2159,,895,8,,,0
3000509,'1034201',1817,,899,8,,,0
3000509,'1034225',1858,,901,8,,,0
3000509,'1034245',1736,,902,8,,,0
3000509,'1034287',940,,905,8,,,0
3000509,'1034350',2236,,907,8,,,0
3000509,'1034352',612,,908,8,,,0
3000509,'1034367',2045,,910,8,,,0
3000509,'1034377',1655,,912,8,,,0
3000509,'1034390',1020,,913,8,,,0
3000509,'1034399',1330,,914,8,,,0
3000509,'1034403',1533,,915,8,,,0
3000509,'1034404',1131,,916,8,,,0
3000509,'1034447',1211,,919,8,,,0
3000509,'1034470',1938,,921,8,,,0
3000509,'1034471',1614,,922,8,,,0
3000509,'1034472',1249,,923,8,,,0
3000509,'1034480',829,,924,8,,,0
