20000509,'1033977',1452,,925,10,0,9 10,0
20000509,'1033982',832,,926,10,0,9 10,0
20000509,'1033995',2122,,928,10,0,9 10,0
20000509,'1034075',946,,933,10,0,9 10,0
20000509,'1034079',1332,,934,10,0,9 10,0
20000509,'1034092',608,,936,10,0,9 10,0
20000509,'1034098',1532,,938,10,0,9 10,0
20000509,'1034119',1652,,939,10,0,9 10,0
20000509,'1034137',1213,,941,10,0,9 10,0
20000509,'1034150',1852,,942,10,0,9 10,0
20000509,'1034165',2042,,944,10,0,9 10,0
20000509,'1034203',1932,,947,10,0,9 10,0
20000509,'1034213',756,,949,10,0,9 10,0
20000509,'1034236',1025,,952,10,0,9 10,0
20000509,'1034256',720,,953,10,0,9 10,0
20000509,'1034264',1412,,954,10,0,9 10,0
20000509,'1034274',1134,,955,10,0,9 10,0
20000509,'1034279',1252,,956,10,0,9 10,0
20000509,'1034318',2315,,962,10,0,9 10,0
20000509,'1034341',644,,964,10,0,9 10,0
20000509,'1034344',2352,,965,10,0,9 10,0
20000509,'1034360',1612,,967,10,0,9 10,0
20000509,'1034392',1732,,969,10,0,9 10,0
20000509,'1034401',1812,,970,10,0,9 10,0
20000509,'1034412',2238,,973,10,0,9 10,0
20000509,'1034421',908,,974,10,0,9 10,0
20000509,'1034456',2201,,977,10,0,9 10,0
