109,'1034007',717,,520,16,0,7 8,0
109,'1034018',743,,523,16,0,7 8,0
109,'1034027',650,,525,16,0,7 8,0
109,'1034040',1719,,527,16,0,7 8,0
109,'1034060',1315,,531,16,0,7 8,0
109,'1034183',1741,,554,16,0,7 8,0
109,'1034239',1631,,561,16,0,7 8,0
109,'1034241',1703,,562,16,0,7 8,0
109,'1034248',838,,564,16,0,7 8,0
109,'1034300',557,,577,16,0,7 8,0
109,'1034307',1829,,580,16,0,7 8,0
109,'1034371',1757,,595,16,0,7 8,0
109,'1034387',1813,,599,16,0,7 8,0
109,'1034444',812,,610,16,0,7 8,0
109,'1034476',1259,,614,16,0,7 8,0
109,'1034479',1647,,616,16,0,7 8,0
