109,'1033958',2125,,511,1,0,19,0
109,'1033964',1601,,512,1,0,19,0
109,'1033965',1711,,513,1,0,19,0
109,'1033969',1821,,514,1,0,19,0
109,'1033974',1639,,515,1,0,19,0
109,'1033987',2217,,518,1,0,19,0
109,'1034007',720,,520,17,4,,0
109,'1034018',746,,523,17,4,,0
109,'1034024',656,,524,1,0,19,0
109,'1034027',653,,525,17,4,,0
109,'1034040',1722,,527,17,4,,0
109,'1034043',2034,,528,1,0,19,0
109,'1034052',1617,,530,1,0,19,0
109,'1034060',1318,,531,17,4,,0
109,'1034065',1027,,532,1,0,19,0
109,'1034066',1457,,533,1,0,19,0
109,'1034088',1230,,535,1,0,19,0
109,'1034095',1129,,536,1,0,19,0
109,'1034096',1545,,537,1,0,19,0
109,'1034101',1425,,538,1,0,19,0
109,'1034105',1048,,539,1,0,19,0
109,'1034108',1409,,540,1,0,19,0
109,'1034112',1727,,542,1,0,19,0
109,'1034124',2002,,544,1,0,19,0
109,'1034134',510,,546,1,0,19,0
109,'1034139',2059,,547,1,0,19,0
109,'1034143',2309,,548,1,0,19,0
109,'1034171',603,,550,1,0,19,0
109,'1034179',1930,,551,1,0,19,0
109,'1034182',2018,,553,1,0,19,0
109,'1034183',1744,,554,17,4,,0
109,'1034191',1337,,555,1,0,19,0
109,'1034233',1214,,559,1,0,19,0
109,'1034234',630,,560,1,0,19,0
109,'1034239',1634,,561,17,4,,0
109,'1034241',1706,,562,17,4,,0
109,'1034248',841,,564,17,4,,0
109,'1034249',942,,565,1,0,19,0
109,'1034250',1655,,566,1,0,19,0
109,'1034268',1144,,571,1,0,19,0
109,'1034282',818,,573,1,0,19,0
109,'1034288',1513,,574,1,0,19,0
109,'1034291',1805,,575,1,0,19,0
109,'1034300',600,,577,17,4,,0
109,'1034303',2151,,578,1,0,19,0
109,'1034304',1005,,579,1,0,19,0
109,'1034307',1832,,580,17,4,,0
109,'1034311',2243,,581,1,0,19,0
109,'1034315',1441,,583,1,0,19,0
109,'1034328',1529,,585,1,0,19,0
109,'1034336',1837,,586,1,0,19,0
109,'1034340',856,,587,1,0,19,0
109,'1034342',1158,,588,1,0,19,0
109,'1034362',1321,,591,1,0,19,0
109,'1034363',725,,592,1,0,19,0
109,'1034364',751,,593,1,0,19,0
109,'1034371',1800,,595,17,4,,0
109,'1034379',1246,,597,1,0,19,0
109,'1034385',1853,,598,1,0,19,0
109,'1034387',1816,,599,17,4,,0
109,'1034391',917,,600,1,0,19,0
109,'1034394',1305,,601,1,0,19,0
109,'1034410',1113,,604,1,0,19,0
109,'1034415',1749,,605,1,0,19,0
109,'1034444',815,,610,17,4,,0
109,'1034462',838,,611,1,0,19,0
109,'1034469',1353,,613,1,0,19,0
109,'1034476',1302,,614,17,4,,0
109,'1034479',1650,,616,17,4,,0
