1209,'1033998',1206,,851,2,0,23,0
1209,'1034029',1549,,852,2,0,23,0
1209,'1034073',1400,,853,6,,,0
1209,'1034109',824,,854,2,0,23,0
1209,'1034126',810,,855,6,,,0
1209,'1034152',1759,,856,2,0,23,0
1209,'1034222',1152,,857,6,,,0
1209,'1034244',1535,,858,6,,,0
1209,'1034247',1256,,859,6,,,0
1209,'1034290',1310,,860,2,0,23,0
1209,'1034305',1018,,861,6,,,0
1209,'1034406',928,,862,2,0,23,0
1209,'1034408',1032,,863,2,0,23,0
1209,'1034411',1745,,864,6,,,0
1209,'1034425',1654,,865,2,0,23,0
1209,'1034428',1414,,866,2,0,23,0
1209,'1034432',914,,867,6,,,0
1209,'1034454',1640,,869,6,,,0
