309,'1033959',905,,701,2,,,0
309,'1033992',1553,,703,2,,,0
309,'1034009',1529,,707,2,,,0
309,'1034012',1331,,708,2,,,0
309,'1034014',1222,,710,2,,,0
309,'1034020',1810,,711,2,,,0
309,'1034032',2034,,715,2,,,0
309,'1034056',1702,,716,2,,,0
309,'1034062',1614,,718,2,,,0
309,'1034074',1725,,720,2,,,0
309,'1034104',754,,722,2,,,0
309,'1034107',1858,,723,2,,,0
309,'1034118',1354,,724,2,,,0
309,'1034158',1017,,727,2,,,0
309,'1034160',2252,,728,2,,,0
309,'1034188',1835,,730,2,,,0
309,'1034194',1440,,731,2,,,0
309,'1034210',1307,,734,2,,,0
309,'1034215',707,,735,2,,,0
309,'1034235',729,,738,2,,,0
309,'1034237',1924,,739,2,,,0
309,'1034255',1048,,741,2,,,0
309,'1034258',818,,742,2,,,0
309,'1034260',646,,743,2,,,0
309,'1034339',1749,,754,2,,,0
309,'1034347',842,,755,2,,,0
309,'1034351',1639,,756,2,,,0
309,'1034372',620,,758,2,,,0
309,'1034380',2145,,759,2,,,0
309,'1034397',2009,,760,2,,,0
309,'1034422',1156,,765,2,,,0
309,'1034424',2119,,766,2,,,0
309,'1034427',954,,768,2,,,0
309,'1034429',929,,769,2,,,0
309,'1034438',1128,,771,2,,,0
309,'1034443',2358,,772,2,,,0
309,'1034466',1506,,776,2,,,0
309,'1034468',1416,,777,2,,,0
309,'1034473',1242,,778,2,,,0
1209,'1033998',1223,,851,8,0,23,0
1209,'1034029',1606,,852,8,0,23,0
1209,'1034109',841,,854,8,0,23,0
1209,'1034290',1327,,860,8,0,23,0
1209,'1034406',945,,862,8,0,23,0
1209,'1034408',1049,,863,8,0,23,0
1209,'1034425',1711,,865,8,0,23,0
1209,'1034428',1431,,866,8,0,23,0
3000509,'1033957',1629,,870,2,0,17 18,0
3000509,'1033988',2250,,872,2,0,17 18,0
3000509,'1033996',2136,,873,2,0,17 18,0
3000509,'1033997',2059,,874,2,0,17 18,0
3000509,'1034038',1507,,877,2,0,17 18,0
3000509,'1034053',917,,878,2,0,17 18,0
3000509,'1034054',807,,879,2,0,17 18,0
3000509,'1034061',1426,,880,2,0,17 18,0
3000509,'1034077',732,,883,2,0,17 18,0
3000509,'1034091',1832,,884,2,0,17 18,0
3000509,'1034127',1146,,886,2,0,17 18,0
3000509,'1034138',2404,,887,2,0,17 18,0
3000509,'1034166',1710,,890,2,0,17 18,0
3000509,'1034167',2213,,891,2,0,17 18,0
3000509,'1034172',1548,,893,2,0,17 18,0
3000509,'1034173',1345,,894,2,0,17 18,0
3000509,'1034193',1751,,896,2,0,17 18,0
3000509,'1034198',624,,897,2,0,17 18,0
3000509,'1034200',658,,898,2,0,17 18,0
3000509,'1034204',1304,,900,2,0,17 18,0
3000509,'1034284',2022,,904,2,0,17 18,0
3000509,'1034333',1224,,906,2,0,17 18,0
3000509,'1034356',1106,,909,2,0,17 18,0
3000509,'1034375',2327,,911,2,0,17 18,0
3000509,'1034413',842,,917,2,0,17 18,0
3000509,'1034445',955,,918,2,0,17 18,0
3000509,'1034464',1913,,920,2,0,17 18,0
