609,'1034022',1829,,802,6,0,22,0
609,'1034050',1135,,804,6,0,22,0
609,'1034059',1030,,806,6,0,22,0
609,'1034080',925,,807,6,0,22,0
609,'1034103',1719,,808,6,0,22,0
609,'1034121',1424,,810,6,0,22,0
609,'1034190',1534,,818,6,0,22,0
609,'1034211',1239,,819,6,0,22,0
609,'1034242',1754,,820,6,0,22,0
609,'1034246',1644,,821,6,0,22,0
609,'1034257',2030,,822,6,0,22,0
609,'1034267',1314,,823,6,0,22,0
609,'1034309',1929,,827,6,0,22,0
609,'1034310',1105,,828,6,0,22,0
609,'1034330',1459,,831,6,0,22,0
609,'1034349',1349,,832,6,0,22,0
609,'1034407',820,,834,6,0,22,0
609,'1034449',1609,,835,6,0,22,0
609,'1034458',2003,,836,6,0,22,0
