20000509,'1033993',1428,,927,5,,,0
20000509,'1034008',2328,,929,5,,,0
20000509,'1034016',2251,,930,5,,,0
20000509,'1034041',1149,,931,5,,,0
20000509,'1034055',1228,,932,5,,,0
20000509,'1034086',2018,,935,5,,,0
20000509,'1034093',659,,937,5,,,0
20000509,'1034122',1548,,940,5,,,0
20000509,'1034151',623,,943,5,,,0
20000509,'1034170',1908,,945,5,,,0
20000509,'1034187',2058,,946,5,,,0
20000509,'1034207',1348,,948,5,,,0
20000509,'1034217',811,,950,5,,,0
20000509,'1034224',1708,,951,5,,,0
20000509,'1034289',2405,,957,5,,,0
20000509,'1034293',1308,,958,5,,,0
20000509,'1034306',1748,,959,5,,,0
20000509,'1034314',1508,,960,5,,,0
20000509,'1034317',1001,,961,5,,,0
20000509,'1034331',735,,963,5,,,0
20000509,'1034353',1628,,966,5,,,0
20000509,'1034366',923,,968,5,,,0
20000509,'1034405',1110,,971,5,,,0
20000509,'1034409',2137,,972,5,,,0
20000509,'1034442',1828,,975,5,,,0
20000509,'1034450',847,,976,5,,,0
20000509,'1034457',2214,,978,5,,,0
