20000509,'1033993',1437,,927,12,,,0
20000509,'1034008',2337,,929,12,,,0
20000509,'1034016',2300,,930,12,,,0
20000509,'1034041',1158,,931,12,,,0
20000509,'1034055',1237,,932,12,,,0
20000509,'1034086',2027,,935,12,,,0
20000509,'1034093',708,,937,12,,,0
20000509,'1034122',1557,,940,12,,,0
20000509,'1034151',632,,943,12,,,0
20000509,'1034170',1917,,945,12,,,0
20000509,'1034187',2107,,946,12,,,0
20000509,'1034207',1357,,948,12,,,0
20000509,'1034217',820,,950,12,,,0
20000509,'1034224',1717,,951,12,,,0
20000509,'1034289',2414,,957,12,,,0
20000509,'1034293',1317,,958,12,,,0
20000509,'1034306',1757,,959,12,,,0
20000509,'1034314',1517,,960,12,,,0
20000509,'1034317',1010,,961,12,,,0
20000509,'1034331',744,,963,12,,,0
20000509,'1034353',1637,,966,12,,,0
20000509,'1034366',932,,968,12,,,0
20000509,'1034405',1119,,971,12,,,0
20000509,'1034409',2146,,972,12,,,0
20000509,'1034442',1837,,975,12,,,0
20000509,'1034450',856,,976,12,,,0
20000509,'1034457',2223,,978,12,,,0
20000509,'1034459',556,,979,2,,,0
