20000509,'1033993',1434,,927,9,,,0
20000509,'1034008',2334,,929,9,,,0
20000509,'1034016',2257,,930,9,,,0
20000509,'1034041',1155,,931,9,,,0
20000509,'1034055',1234,,932,9,,,0
20000509,'1034086',2024,,935,9,,,0
20000509,'1034093',705,,937,9,,,0
20000509,'1034122',1554,,940,9,,,0
20000509,'1034151',629,,943,9,,,0
20000509,'1034170',1914,,945,9,,,0
20000509,'1034187',2104,,946,9,,,0
20000509,'1034207',1354,,948,9,,,0
20000509,'1034217',817,,950,9,,,0
20000509,'1034224',1714,,951,9,,,0
20000509,'1034289',2411,,957,9,,,0
20000509,'1034293',1314,,958,9,,,0
20000509,'1034306',1754,,959,9,,,0
20000509,'1034314',1514,,960,9,,,0
20000509,'1034317',1007,,961,9,,,0
20000509,'1034331',741,,963,9,,,0
20000509,'1034353',1634,,966,9,,,0
20000509,'1034366',929,,968,9,,,0
20000509,'1034405',1116,,971,9,,,0
20000509,'1034409',2143,,972,9,,,0
20000509,'1034442',1834,,975,9,,,0
20000509,'1034450',853,,976,9,,,0
20000509,'1034457',2220,,978,9,,,0
