209,'1033960',1424,,617,4,0,11,0
209,'1033963',2203,,619,4,0,11,0
209,'1033970',1300,,622,4,0,11,0
209,'1033983',2233,,623,4,0,11,0
209,'1033989',1922,,624,4,0,11,0
209,'1033990',1715,,625,4,0,11,0
209,'1034004',1550,,627,4,0,11,0
209,'1034028',810,,630,4,0,11,0
209,'1034034',1137,,632,4,0,11,0
209,'1034044',2303,,633,4,0,11,0
209,'1034064',837,,636,4,0,11,0
209,'1034145',1158,,650,4,0,11,0
209,'1034149',2327,,651,4,0,11,0
209,'1034157',1734,,654,4,0,11,0
209,'1034163',1528,,656,4,0,11,0
209,'1034164',1044,,657,4,0,11,0
209,'1034196',1653,,662,4,0,11,0
209,'1034202',1943,,663,4,0,11,0
209,'1034205',1632,,664,4,0,11,0
209,'1034216',1403,,666,4,0,11,0
209,'1034218',743,,667,4,0,11,0
209,'1034226',1901,,668,4,0,11,0
209,'1034227',1218,,669,4,0,11,0
209,'1034230',1446,,671,4,0,11,0
209,'1034273',2133,,672,4,0,11,0
209,'1034278',2102,,673,4,0,11,0
209,'1034285',936,,674,4,0,11,0
209,'1034295',1111,,675,4,0,11,0
209,'1034296',904,,676,4,0,11,0
209,'1034297',1819,,677,4,0,11,0
209,'1034308',2033,,679,4,0,11,0
209,'1034325',1321,,682,4,0,11,0
209,'1034326',716,,683,4,0,11,0
209,'1034327',2007,,684,4,0,11,0
209,'1034343',1007,,685,4,0,11,0
209,'1034355',1611,,686,4,0,11,0
209,'1034369',1507,,689,4,0,11,0
209,'1034386',1239,,692,4,0,11,0
209,'1034395',622,,694,4,0,11,0
209,'1034414',1342,,696,4,0,11,0
209,'1034433',1755,,697,4,0,11,0
209,'1034477',1840,,700,4,0,11,0
