609,'1033966',2000,,799,6,,,0
609,'1033975',1718,,800,6,,,0
609,'1033991',1533,,801,6,,,0
609,'1034042',1313,,803,6,,,0
609,'1034058',2034,,805,6,,,0
609,'1034116',1236,,809,6,,,0
609,'1034133',1423,,811,6,,,0
609,'1034135',1458,,812,6,,,0
609,'1034142',1933,,813,6,,,0
609,'1034159',1348,,814,6,,,0
609,'1034161',1643,,815,6,,,0
609,'1034178',1753,,816,6,,,0
609,'1034185',2101,,817,6,,,0
609,'1034269',850,,824,6,,,0
609,'1034299',955,,825,6,,,0
609,'1034301',1100,,826,6,,,0
609,'1034312',1608,,829,6,,,0
609,'1034321',1135,,830,6,,,0
609,'1034354',1828,,833,6,,,0
