309,'1033959',933,,701,6,4,,0
309,'1033972',2222,,702,1,0,9,0
309,'1033992',1622,,703,6,4,,0
309,'1034000',832,,704,1,0,9,0
309,'1034001',613,,705,1,0,9,0
309,'1034002',1409,,706,1,0,9,0
309,'1034009',1558,,707,6,4,,0
309,'1034012',1359,,708,6,4,,0
309,'1034013',943,,709,1,0,9,0
309,'1034014',1250,,710,6,4,,0
309,'1034020',1838,,711,6,4,,0
309,'1034021',636,,712,1,0,9,0
309,'1034023',1518,,713,1,0,9,0
309,'1034026',1323,,714,1,0,9,0
309,'1034032',2101,,715,6,4,,0
309,'1034056',1731,,716,6,4,,0
309,'1034057',1939,,717,1,0,9,0
309,'1034062',1643,,718,6,4,,0
309,'1034072',2002,,719,1,0,9,0
309,'1034074',1754,,720,6,4,,0
309,'1034083',1827,,721,1,0,9,0
309,'1034104',822,,722,6,4,,0
309,'1034107',1926,,723,6,4,,0
309,'1034118',1422,,724,6,4,,0
309,'1034130',2113,,725,1,0,9,0
309,'1034141',1739,,726,1,0,9,0
309,'1034158',1045,,727,6,4,,0
309,'1034160',2319,,728,6,4,,0
309,'1034174',1607,,729,1,0,9,0
309,'1034188',1903,,730,6,4,,0
309,'1034194',1508,,731,6,4,,0
309,'1034199',2049,,732,1,0,9,0
309,'1034208',1017,,733,1,0,9,0
309,'1034210',1335,,734,6,4,,0
309,'1034215',735,,735,6,4,,0
309,'1034223',721,,736,1,0,9,0
309,'1034231',658,,737,1,0,9,0
309,'1034235',757,,738,6,4,,0
309,'1034237',1952,,739,6,4,,0
309,'1034240',550,,740,1,0,9,0
309,'1034255',1116,,741,6,4,,0
309,'1034258',846,,742,6,4,,0
309,'1034260',712,,743,6,4,,0
309,'1034266',1802,,744,1,0,9,0
309,'1034271',1454,,745,1,0,9,0
309,'1034272',809,,746,1,0,9,0
309,'1034294',1300,,747,1,0,9,0
309,'1034323',1432,,748,1,0,9,0
309,'1034329',1125,,749,1,0,9,0
309,'1034332',1716,,750,1,0,9,0
309,'1034334',1057,,751,1,0,9,0
309,'1034337',856,,752,1,0,9,0
309,'1034338',920,,753,1,0,9,0
309,'1034339',1817,,754,6,4,,0
309,'1034347',910,,755,6,4,,0
309,'1034351',1708,,756,6,4,,0
309,'1034365',2329,,757,1,0,9,0
309,'1034372',646,,758,6,4,,0
309,'1034380',2212,,759,6,4,,0
309,'1034397',2036,,760,6,4,,0
309,'1034398',745,,761,1,0,9,0
309,'1034418',1653,,762,1,0,9,0
309,'1034419',1851,,763,1,0,9,0
309,'1034420',1236,,764,1,0,9,0
309,'1034422',1224,,765,6,4,,0
309,'1034424',2146,,766,6,4,,0
309,'1034426',1211,,767,1,0,9,0
309,'1034427',1022,,768,6,4,,0
309,'1034429',957,,769,6,4,,0
309,'1034431',1151,,770,1,0,9,0
309,'1034438',1156,,771,6,4,,0
309,'1034443',2425,,772,6,4,,0
309,'1034448',1345,,773,1,0,9,0
309,'1034455',1543,,774,1,0,9,0
309,'1034463',1630,,775,1,0,9,0
309,'1034466',1535,,776,6,4,,0
309,'1034468',1444,,777,6,4,,0
309,'1034473',1310,,778,6,4,,0
609,'1033966',2006,,799,8,4,,0
609,'1033975',1724,,800,8,4,,0
609,'1033991',1539,,801,8,4,,0
609,'1034022',1809,,802,1,0,22,0
609,'1034042',1319,,803,8,4,,0
609,'1034050',1115,,804,1,0,22,0
609,'1034058',2040,,805,8,4,,0
609,'1034059',1010,,806,1,0,22,0
609,'1034080',905,,807,1,0,22,0
609,'1034103',1659,,808,1,0,22,0
609,'1034116',1242,,809,8,4,,0
609,'1034121',1404,,810,1,0,22,0
609,'1034133',1429,,811,8,4,,0
609,'1034135',1504,,812,8,4,,0
609,'1034142',1939,,813,8,4,,0
609,'1034159',1354,,814,8,4,,0
609,'1034161',1649,,815,8,4,,0
609,'1034178',1759,,816,8,4,,0
609,'1034185',2107,,817,8,4,,0
609,'1034190',1514,,818,1,0,22,0
609,'1034211',1219,,819,1,0,22,0
609,'1034242',1734,,820,1,0,22,0
609,'1034246',1624,,821,1,0,22,0
609,'1034257',2010,,822,1,0,22,0
609,'1034267',1254,,823,1,0,22,0
609,'1034269',856,,824,8,4,,0
609,'1034299',1001,,825,8,4,,0
609,'1034301',1106,,826,8,4,,0
609,'1034309',1909,,827,1,0,22,0
609,'1034310',1045,,828,1,0,22,0
609,'1034312',1614,,829,8,4,,0
609,'1034321',1141,,830,8,4,,0
609,'1034330',1439,,831,1,0,22,0
609,'1034349',1329,,832,1,0,22,0
609,'1034354',1834,,833,8,4,,0
609,'1034407',800,,834,1,0,22,0
609,'1034449',1549,,835,1,0,22,0
609,'1034458',1943,,836,1,0,22,0
909,'1033985',1825,,837,1,0,13 14,0
909,'1034019',1815,,838,2,4,,0
909,'1034025',1145,,839,2,4,,0
909,'1034089',1025,,840,1,0,13 14,0
909,'1034090',1945,,841,2,4,,0
909,'1034106',1655,,842,1,0,13 14,0
909,'1034181',1155,,843,1,0,13 14,0
909,'1034228',1645,,844,2,4,,0
909,'1034263',1355,,845,1,0,13 14,0
909,'1034270',900,,846,1,0,13 14,0
909,'1034320',1315,,847,2,4,,0
909,'1034393',1515,,848,2,4,,0
909,'1034437',1525,,849,1,0,13 14,0
909,'1034467',1015,,850,2,4,,0
24000809,'1033971',1541,,980,3,4,,0
24000809,'1033973',1240,,981,1,0,21 16,0
24000809,'1033978',1638,,982,3,4,,0
24000809,'1033980',1330,,983,1,0,21 16,0
24000809,'1034003',1749,,984,1,0,21 16,0
24000809,'1034030',1446,,985,3,4,,0
24000809,'1034036',2105,,986,3,4,,0
24000809,'1034037',2000,,987,3,4,,0
24000809,'1034051',920,,988,1,0,21 16,0
24000809,'1034063',759,,989,3,4,,0
24000809,'1034078',1527,,990,1,0,21 16,0
24000809,'1034123',1602,,991,1,0,21 16,0
24000809,'1034128',1427,,992,1,0,21 16,0
24000809,'1034168',1216,,993,3,4,,0
24000809,'1034238',859,,994,3,4,,0
24000809,'1034252',1202,,995,1,0,21 16,0
24000809,'1034259',700,,996,1,0,21 16,0
24000809,'1034275',1854,,997,1,0,21 16,0
24000809,'1034276',1121,,998,3,4,,0
24000809,'1034277',1813,,999,3,4,,0
24000809,'1034281',1102,,1000,1,0,21 16,0
24000809,'1034283',1306,,1001,3,4,,0
24000809,'1034286',1021,,1002,3,4,,0
24000809,'1034316',1951,,1003,1,0,21 16,0
24000809,'1034345',1015,,1004,1,0,21 16,0
24000809,'1034359',2140,,1005,1,0,21 16,0
24000809,'1034383',1910,,1006,3,4,,0
24000809,'1034384',600,,1007,1,0,21 16,0
24000809,'1034388',1738,,1008,3,4,,0
24000809,'1034423',2154,,1009,3,4,,0
24000809,'1034435',820,,1010,1,0,21 16,0
24000809,'1034440',1406,,1011,3,4,,0
24000809,'1034452',1659,,1012,1,0,21 16,0
24000809,'1034475',2334,,1013,3,4,,0
