109,'1033958',2146,,511,14,4,,0
109,'1033964',1624,,512,14,4,,0
109,'1033965',1734,,513,14,4,,0
109,'1033969',1842,,514,14,4,,0
109,'1033974',1702,,515,14,4,,0
109,'1033981',2308,,516,1,,,0
109,'1033986',2243,,517,1,,,0
109,'1033987',2238,,518,14,4,,0
109,'1034005',2151,,519,1,,,0
109,'1034007',653,,520,1,0,7 8,0
109,'1034015',1354,,521,1,,,0
109,'1034017',1146,,522,1,,,0
109,'1034018',719,,523,1,0,7 8,0
109,'1034024',714,,524,14,4,,0
109,'1034027',626,,525,1,0,7 8,0
109,'1034039',1834,,526,1,,,0
109,'1034040',1650,,527,1,0,7 8,0
109,'1034043',2055,,528,14,4,,0
109,'1034045',1303,,529,1,,,0
109,'1034052',1640,,530,14,4,,0
109,'1034060',1247,,531,1,0,7 8,0
109,'1034065',1050,,532,14,4,,0
109,'1034066',1520,,533,14,4,,0
109,'1034069',950,,534,1,,,0
109,'1034088',1253,,535,14,4,,0
109,'1034095',1152,,536,14,4,,0
109,'1034096',1608,,537,14,4,,0
109,'1034101',1448,,538,14,4,,0
109,'1034105',1111,,539,14,4,,0
109,'1034108',1432,,540,14,4,,0
109,'1034111',1514,,541,1,,,0
109,'1034112',1750,,542,14,4,,0
109,'1034117',1015,,543,1,,,0
109,'1034124',2023,,544,14,4,,0
109,'1034132',1442,,545,1,,,0
109,'1034134',528,,546,14,4,,0
109,'1034139',2120,,547,14,4,,0
109,'1034143',2330,,548,14,4,,0
109,'1034144',2100,,549,1,,,0
109,'1034171',621,,550,14,4,,0
109,'1034179',1951,,551,14,4,,0
109,'1034180',1850,,552,1,,,0
109,'1034182',2039,,553,14,4,,0
109,'1034183',1712,,554,1,0,7 8,0
109,'1034191',1400,,555,14,4,,0
109,'1034209',1956,,556,1,,,0
109,'1034212',1906,,557,1,,,0
109,'1034214',1410,,558,1,,,0
109,'1034233',1237,,559,14,4,,0
109,'1034234',648,,560,14,4,,0
109,'1034239',1602,,561,1,0,7 8,0
109,'1034241',1634,,562,1,0,7 8,0
109,'1034243',1426,,563,1,,,0
109,'1034248',814,,564,1,0,7 8,0
109,'1034249',1005,,565,14,4,,0
109,'1034250',1718,,566,14,4,,0
109,'1034251',2217,,567,1,,,0
109,'1034261',1038,,568,1,,,0
109,'1034262',849,,569,1,,,0
109,'1034265',1121,,570,1,,,0
109,'1034268',1207,,571,14,4,,0
109,'1034280',1202,,572,1,,,0
109,'1034282',841,,573,14,4,,0
109,'1034288',1536,,574,14,4,,0
109,'1034291',1826,,575,14,4,,0
109,'1034292',1100,,576,1,,,0
109,'1034300',533,,577,1,0,7 8,0
109,'1034303',2212,,578,14,4,,0
109,'1034304',1028,,579,14,4,,0
109,'1034307',1800,,580,1,0,7 8,0
109,'1034311',2304,,581,14,4,,0
109,'1034313',1458,,582,1,,,0
109,'1034315',1504,,583,14,4,,0
109,'1034319',1338,,584,1,,,0
109,'1034328',1552,,585,14,4,,0
109,'1034336',1858,,586,14,4,,0
109,'1034340',919,,587,14,4,,0
109,'1034342',1221,,588,14,4,,0
109,'1034346',2044,,589,1,,,0
109,'1034358',929,,590,1,,,0
109,'1034362',1344,,591,14,4,,0
109,'1034363',743,,592,14,4,,0
109,'1034364',809,,593,14,4,,0
109,'1034368',2028,,594,1,,,0
109,'1034371',1728,,595,1,0,7 8,0
109,'1034378',1546,,596,1,,,0
109,'1034379',1309,,597,14,4,,0
109,'1034385',1914,,598,14,4,,0
109,'1034387',1744,,599,1,0,7 8,0
109,'1034391',940,,600,14,4,,0
109,'1034394',1328,,601,14,4,,0
109,'1034396',1319,,602,1,,,0
109,'1034402',2335,,603,1,,,0
109,'1034410',1136,,604,14,4,,0
109,'1034415',1810,,605,14,4,,0
109,'1034416',1217,,606,1,,,0
109,'1034417',2125,,607,1,,,0
109,'1034430',909,,608,1,,,0
109,'1034434',1922,,609,1,,,0
109,'1034444',748,,610,1,0,7 8,0
109,'1034462',901,,611,14,4,,0
109,'1034465',1530,,612,1,,,0
109,'1034469',1416,,613,14,4,,0
109,'1034476',1231,,614,1,0,7 8,0
109,'1034478',1818,,615,1,,,0
109,'1034479',1618,,616,1,0,7 8,0
