109,2434984,1,0
109,2428690,2,0
109,2428689,3,0
109,2428688,4,0
109,2428687,5,0
109,2428686,6,0
109,2581579,7,0
109,2428684,8,0
109,2428683,9,0
109,2428682,10,0
109,2428681,11,0
109,4244421,12,1
109,4244420,13,1
109,3478348,14,0
109,3478349,15,0
109,2428701,16,0
109,2428700,17,0
109,2428699,18,0
109,2428698,19,0
109,2428669,20,0
109,2483904,21,0
109,2428697,22,0
109,2428696,23,0
109,2428695,24,0
109,2512554,25,0
109,2428694,26,0
109,2428693,27,0
109,2581624,28,1
109,2428692,29,0
209,2428673,1,0
209,2428672,2,0
209,2428688,3,0
209,2428687,4,0
209,2428686,5,0
209,2581579,6,0
209,2452887,7,0
209,2428670,8,0
209,2435112,9,0
209,2613909,10,1
209,2435111,11,0
209,2435110,12,0
209,2428678,13,0
209,2428677,14,0
209,2428676,15,0
209,2452886,16,0
209,2428669,17,0
209,2483904,18,0
209,2428697,19,0
209,2428696,20,0
209,2428695,21,0
209,2428674,22,0
309,2428659,1,0
309,2428658,2,0
309,2428657,3,0
309,2428656,4,0
309,2428700,5,1
309,2428685,6,0
309,2428683,7,0
309,2428681,8,0
309,2428679,9,0
309,2428663,10,0
309,2428662,11,0
309,2428661,12,0
309,2428660,13,0
409,2428666,1,0
409,2428665,2,0
409,2428664,3,0
409,2428687,4,0
409,2428686,5,0
409,2581579,6,1
409,3478350,7,1
409,2483904,8,0
409,2428697,9,0
409,2428696,10,0
409,2428695,11,0
409,2428674,12,0
409,2745524,13,0
409,2428672,14,0
409,2428668,15,0
409,2428667,16,0
609,2428685,1,0
609,2428683,2,0
609,2428681,3,0
609,2435113,4,0
609,4245257,5,0
609,2512555,6,0
609,2435117,7,0
609,2435118,8,0
609,2435119,9,0
609,2435120,10,0
609,2435130,11,0
609,2435129,12,0
609,2435128,13,0
609,4245258,15,0
609,2435114,16,0
609,2428700,17,0
909,2428685,1,0
909,2512556,2,0
1209,2428659,1,0
1209,2428643,2,0
1209,2428642,3,0
1209,2428641,4,0
1209,3478363,5,0
1209,3478352,6,0
1209,3478351,7,0
1209,3478353,9,0
1209,2428633,10,0
1209,2428632,11,0
1209,2428631,12,0
1209,2428658,14,0
1209,2428630,15,0
1209,2428657,16,0
1209,2428656,17,0
1209,3478356,18,0
1209,21,19,0
1209,25,20,0
1209,3478358,21,0
1209,4245263,22,0
1209,2428661,23,0
1209,2428660,24,0
3000509,2428655,1,0
3000509,2537730,2,0
3000509,3449924,3,0
3000509,2577172,4,0
3000509,2537732,5,0
3000509,2428646,6,0
3000509,2428645,7,0
3000509,2428644,8,0
3000509,2428661,9,0
3000509,2428660,10,0
3000509,2428659,11,0
3000509,2428658,12,0
3000509,2428630,13,0
3000509,2428657,14,0
3000509,2428629,15,0
3000509,2428628,16,0
3000509,2428627,17,0
3000509,2428626,18,0
3000509,2428625,19,0
3000509,2537738,20,0
3000509,2428624,21,0
3000509,2428622,22,0
3000509,2428623,23,0
3000509,2428621,24,0
20000509,23,1,0
20000509,2428643,2,0
20000509,2428642,3,0
20000509,2428641,4,0
20000509,2428640,5,0
20000509,2428639,6,0
20000509,2428654,7,0
20000509,2577174,8,0
20000509,2577173,9,0
20000509,2428615,10,0
20000509,2428637,11,0
20000509,2428638,12,0
20000509,2428636,13,0
20000509,2428635,14,0
20000509,2428634,15,0
20000509,2428633,16,0
20000509,2428632,17,0
20000509,2428631,18,0
20000509,3463440,19,0
20000509,2537733,20,0
20000509,2537734,21,0
20000509,2537735,22,0
24000809,2428685,1,0
24000809,2512552,2,1
24000809,2483623,3,0
24000809,2512553,4,0
