20000509,'1033977',1453,,925,11,0,9 10,0
20000509,'1033982',833,,926,11,0,9 10,0
20000509,'1033995',2123,,928,11,0,9 10,0
20000509,'1034075',947,,933,11,0,9 10,0
20000509,'1034079',1333,,934,11,0,9 10,0
20000509,'1034092',609,,936,11,0,9 10,0
20000509,'1034098',1533,,938,11,0,9 10,0
20000509,'1034119',1653,,939,11,0,9 10,0
20000509,'1034137',1214,,941,11,0,9 10,0
20000509,'1034150',1853,,942,11,0,9 10,0
20000509,'1034165',2043,,944,11,0,9 10,0
20000509,'1034203',1933,,947,11,0,9 10,0
20000509,'1034213',757,,949,11,0,9 10,0
20000509,'1034236',1026,,952,11,0,9 10,0
20000509,'1034256',721,,953,11,0,9 10,0
20000509,'1034264',1413,,954,11,0,9 10,0
20000509,'1034274',1135,,955,11,0,9 10,0
20000509,'1034279',1253,,956,11,0,9 10,0
20000509,'1034318',2316,,962,11,0,9 10,0
20000509,'1034341',645,,964,11,0,9 10,0
20000509,'1034344',2353,,965,11,0,9 10,0
20000509,'1034360',1613,,967,11,0,9 10,0
20000509,'1034392',1733,,969,11,0,9 10,0
20000509,'1034401',1813,,970,11,0,9 10,0
20000509,'1034412',2239,,973,11,0,9 10,0
20000509,'1034421',909,,974,11,0,9 10,0
20000509,'1034456',2202,,977,11,0,9 10,0
