109,'1034007',714,,520,14,4,,0
109,'1034018',740,,523,14,4,,0
109,'1034027',647,,525,14,4,,0
109,'1034040',1716,,527,14,4,,0
109,'1034060',1312,,531,14,4,,0
109,'1034183',1738,,554,14,4,,0
109,'1034239',1628,,561,14,4,,0
109,'1034241',1700,,562,14,4,,0
109,'1034248',835,,564,14,4,,0
109,'1034300',554,,577,14,4,,0
109,'1034307',1826,,580,14,4,,0
109,'1034371',1754,,595,14,4,,0
109,'1034387',1810,,599,14,4,,0
109,'1034444',809,,610,14,4,,0
109,'1034476',1256,,614,14,4,,0
109,'1034479',1644,,616,14,4,,0
