109,'1033958',2138,,511,9,0,19,0
109,'1033964',1615,,512,9,0,19,0
109,'1033965',1725,,513,9,0,19,0
109,'1033969',1834,,514,9,0,19,0
109,'1033974',1653,,515,9,0,19,0
109,'1033987',2230,,518,9,0,19,0
109,'1034024',706,,524,9,0,19,0
109,'1034043',2047,,528,9,0,19,0
109,'1034052',1631,,530,9,0,19,0
109,'1034065',1041,,532,9,0,19,0
109,'1034066',1511,,533,9,0,19,0
109,'1034088',1244,,535,9,0,19,0
109,'1034095',1143,,536,9,0,19,0
109,'1034096',1559,,537,9,0,19,0
109,'1034101',1439,,538,9,0,19,0
109,'1034105',1102,,539,9,0,19,0
109,'1034108',1423,,540,9,0,19,0
109,'1034112',1741,,542,9,0,19,0
109,'1034124',2015,,544,9,0,19,0
109,'1034134',520,,546,9,0,19,0
109,'1034139',2112,,547,9,0,19,0
109,'1034143',2322,,548,9,0,19,0
109,'1034171',613,,550,9,0,19,0
109,'1034179',1943,,551,9,0,19,0
109,'1034182',2031,,553,9,0,19,0
109,'1034191',1351,,555,9,0,19,0
109,'1034233',1228,,559,9,0,19,0
109,'1034234',640,,560,9,0,19,0
109,'1034249',956,,565,9,0,19,0
109,'1034250',1709,,566,9,0,19,0
109,'1034268',1158,,571,9,0,19,0
109,'1034282',832,,573,9,0,19,0
109,'1034288',1527,,574,9,0,19,0
109,'1034291',1818,,575,9,0,19,0
109,'1034303',2204,,578,9,0,19,0
109,'1034304',1019,,579,9,0,19,0
109,'1034311',2256,,581,9,0,19,0
109,'1034315',1455,,583,9,0,19,0
109,'1034328',1543,,585,9,0,19,0
109,'1034336',1850,,586,9,0,19,0
109,'1034340',910,,587,9,0,19,0
109,'1034342',1212,,588,9,0,19,0
109,'1034362',1335,,591,9,0,19,0
109,'1034363',735,,592,9,0,19,0
109,'1034364',801,,593,9,0,19,0
109,'1034379',1300,,597,9,0,19,0
109,'1034385',1906,,598,9,0,19,0
109,'1034391',931,,600,9,0,19,0
109,'1034394',1319,,601,9,0,19,0
109,'1034410',1127,,604,9,0,19,0
109,'1034415',1802,,605,9,0,19,0
109,'1034462',852,,611,9,0,19,0
109,'1034469',1407,,613,9,0,19,0
