3000509,'1033957',1634,,870,5,0,17 18,0
3000509,'1033988',2254,,872,5,0,17 18,0
3000509,'1033996',2140,,873,5,0,17 18,0
3000509,'1033997',2103,,874,5,0,17 18,0
3000509,'1034038',1512,,877,5,0,17 18,0
3000509,'1034053',920,,878,5,0,17 18,0
3000509,'1034054',810,,879,5,0,17 18,0
3000509,'1034061',1431,,880,5,0,17 18,0
3000509,'1034077',735,,883,5,0,17 18,0
3000509,'1034091',1837,,884,5,0,17 18,0
3000509,'1034127',1150,,886,5,0,17 18,0
3000509,'1034138',2408,,887,5,0,17 18,0
3000509,'1034166',1715,,890,5,0,17 18,0
3000509,'1034167',2217,,891,5,0,17 18,0
3000509,'1034172',1553,,893,5,0,17 18,0
3000509,'1034173',1350,,894,5,0,17 18,0
3000509,'1034193',1756,,896,5,0,17 18,0
3000509,'1034198',627,,897,5,0,17 18,0
3000509,'1034200',701,,898,5,0,17 18,0
3000509,'1034204',1309,,900,5,0,17 18,0
3000509,'1034253',553,,903,2,0,17 18,0
3000509,'1034284',2026,,904,5,0,17 18,0
3000509,'1034333',1228,,906,5,0,17 18,0
3000509,'1034356',1110,,909,5,0,17 18,0
3000509,'1034375',2331,,911,5,0,17 18,0
3000509,'1034413',845,,917,5,0,17 18,0
3000509,'1034445',959,,918,5,0,17 18,0
3000509,'1034464',1918,,920,5,0,17 18,0
