20000509,'1033977',1458,,925,13,4,,0
20000509,'1033982',837,,926,13,4,,0
20000509,'1033993',1423,,927,1,,,0
20000509,'1033995',2127,,928,13,4,,0
20000509,'1034008',2323,,929,1,,,0
20000509,'1034016',2246,,930,1,,,0
20000509,'1034041',1144,,931,1,,,0
20000509,'1034055',1223,,932,1,,,0
20000509,'1034075',951,,933,13,4,,0
20000509,'1034079',1338,,934,13,4,,0
20000509,'1034086',2013,,935,1,,,0
20000509,'1034092',613,,936,13,4,,0
20000509,'1034093',654,,937,1,,,0
20000509,'1034098',1538,,938,13,4,,0
20000509,'1034119',1658,,939,13,4,,0
20000509,'1034122',1543,,940,1,,,0
20000509,'1034137',1218,,941,13,4,,0
20000509,'1034150',1858,,942,13,4,,0
20000509,'1034151',618,,943,1,,,0
20000509,'1034165',2048,,944,13,4,,0
20000509,'1034170',1903,,945,1,,,0
20000509,'1034187',2053,,946,1,,,0
20000509,'1034203',1938,,947,13,4,,0
20000509,'1034207',1343,,948,1,,,0
20000509,'1034213',801,,949,13,4,,0
20000509,'1034217',806,,950,1,,,0
20000509,'1034224',1703,,951,1,,,0
20000509,'1034236',1030,,952,13,4,,0
20000509,'1034256',725,,953,13,4,,0
20000509,'1034264',1418,,954,13,4,,0
20000509,'1034274',1139,,955,13,4,,0
20000509,'1034279',1258,,956,13,4,,0
20000509,'1034289',2400,,957,1,,,0
20000509,'1034293',1303,,958,1,,,0
20000509,'1034306',1743,,959,1,,,0
20000509,'1034314',1503,,960,1,,,0
20000509,'1034317',956,,961,1,,,0
20000509,'1034318',2320,,962,13,4,,0
20000509,'1034331',730,,963,1,,,0
20000509,'1034341',649,,964,13,4,,0
20000509,'1034344',2357,,965,13,4,,0
20000509,'1034353',1623,,966,1,,,0
20000509,'1034360',1618,,967,13,4,,0
20000509,'1034366',918,,968,1,,,0
20000509,'1034392',1738,,969,13,4,,0
20000509,'1034401',1818,,970,13,4,,0
20000509,'1034405',1105,,971,1,,,0
20000509,'1034409',2132,,972,1,,,0
20000509,'1034412',2243,,973,13,4,,0
20000509,'1034421',913,,974,13,4,,0
20000509,'1034442',1823,,975,1,,,0
20000509,'1034450',842,,976,1,,,0
20000509,'1034456',2206,,977,13,4,,0
20000509,'1034457',2209,,978,1,,,0
