109,'1033981',2316,,516,5,,,0
109,'1033986',2251,,517,5,,,0
109,'1034005',2159,,519,5,,,0
109,'1034007',701,,520,5,0,7 8,0
109,'1034015',1404,,521,5,,,0
109,'1034017',1156,,522,5,,,0
109,'1034018',727,,523,5,0,7 8,0
109,'1034027',634,,525,5,0,7 8,0
109,'1034039',1842,,526,5,,,0
109,'1034040',1700,,527,5,0,7 8,0
109,'1034045',1313,,529,5,,,0
109,'1034060',1257,,531,5,0,7 8,0
109,'1034069',1000,,534,5,,,0
109,'1034111',1524,,541,5,,,0
109,'1034117',1025,,543,5,,,0
109,'1034132',1452,,545,5,,,0
109,'1034144',2108,,549,5,,,0
109,'1034180',1858,,552,5,,,0
109,'1034183',1722,,554,5,0,7 8,0
109,'1034209',2004,,556,5,,,0
109,'1034212',1914,,557,5,,,0
109,'1034214',1420,,558,5,,,0
109,'1034239',1612,,561,5,0,7 8,0
109,'1034241',1644,,562,5,0,7 8,0
109,'1034243',1436,,563,5,,,0
109,'1034248',822,,564,5,0,7 8,0
109,'1034251',2225,,567,5,,,0
109,'1034261',1048,,568,5,,,0
109,'1034262',859,,569,5,,,0
109,'1034265',1131,,570,5,,,0
109,'1034280',1212,,572,5,,,0
109,'1034292',1110,,576,5,,,0
109,'1034300',541,,577,5,0,7 8,0
109,'1034307',1810,,580,5,0,7 8,0
109,'1034313',1508,,582,5,,,0
109,'1034319',1348,,584,5,,,0
109,'1034346',2052,,589,5,,,0
109,'1034358',939,,590,5,,,0
109,'1034368',2036,,594,5,,,0
109,'1034371',1738,,595,5,0,7 8,0
109,'1034378',1556,,596,5,,,0
109,'1034387',1754,,599,5,0,7 8,0
109,'1034396',1329,,602,5,,,0
109,'1034402',2343,,603,5,,,0
109,'1034416',1227,,606,5,,,0
109,'1034417',2133,,607,5,,,0
109,'1034430',919,,608,5,,,0
109,'1034434',1930,,609,5,,,0
109,'1034444',756,,610,5,0,7 8,0
109,'1034465',1540,,612,5,,,0
109,'1034476',1241,,614,5,0,7 8,0
109,'1034478',1826,,615,5,,,0
109,'1034479',1628,,616,5,0,7 8,0
209,'1033961',1414,,618,3,,,0
209,'1033967',1704,,620,3,,,0
209,'1033968',1827,,621,3,,,0
209,'1033999',1518,,626,3,,,0
209,'1034006',1005,,628,3,,,0
209,'1034011',1539,,629,3,,,0
209,'1034031',1331,,631,3,,,0
209,'1034048',2102,,634,3,,,0
209,'1034049',1229,,635,3,,,0
209,'1034068',808,,637,3,,,0
209,'1034071',2331,,638,3,,,0
209,'1034081',1951,,639,3,,,0
209,'1034082',647,,640,3,,,0
209,'1034085',1036,,641,3,,,0
209,'1034087',933,,642,3,,,0
209,'1034097',2131,,643,3,,,0
209,'1034100',1725,,644,3,,,0
209,'1034113',2352,,645,3,,,0
209,'1034114',1747,,646,3,,,0
209,'1034115',1310,,647,3,,,0
209,'1034125',2202,,648,3,,,0
209,'1034131',2012,,649,3,,,0
209,'1034153',2258,,652,3,,,0
209,'1034155',906,,653,3,,,0
209,'1034162',741,,655,3,,,0
209,'1034175',1806,,658,3,,,0
209,'1034176',1249,,659,3,,,0
209,'1034186',835,,660,3,,,0
209,'1034195',1353,,661,3,,,0
209,'1034206',1435,,665,3,,,0
209,'1034229',2036,,670,3,,,0
209,'1034302',1643,,678,3,,,0
209,'1034322',2231,,680,3,,,0
209,'1034324',1850,,681,3,,,0
209,'1034357',1208,,687,3,,,0
209,'1034361',1142,,688,3,,,0
209,'1034374',1911,,690,3,,,0
209,'1034381',1600,,691,3,,,0
209,'1034389',1622,,693,3,,,0
209,'1034400',1115,,695,3,,,0
209,'1034446',1932,,698,3,,,0
209,'1034461',1456,,699,3,,,0
