20000509,'1033993',1433,,927,7,,,0
20000509,'1034008',2333,,929,7,,,0
20000509,'1034016',2256,,930,7,,,0
20000509,'1034041',1154,,931,7,,,0
20000509,'1034055',1233,,932,7,,,0
20000509,'1034086',2023,,935,7,,,0
20000509,'1034093',704,,937,7,,,0
20000509,'1034122',1553,,940,7,,,0
20000509,'1034151',628,,943,7,,,0
20000509,'1034170',1913,,945,7,,,0
20000509,'1034187',2103,,946,7,,,0
20000509,'1034207',1353,,948,7,,,0
20000509,'1034217',816,,950,7,,,0
20000509,'1034224',1713,,951,7,,,0
20000509,'1034289',2410,,957,7,,,0
20000509,'1034293',1313,,958,7,,,0
20000509,'1034306',1753,,959,7,,,0
20000509,'1034314',1513,,960,7,,,0
20000509,'1034317',1006,,961,7,,,0
20000509,'1034331',740,,963,7,,,0
20000509,'1034353',1633,,966,7,,,0
20000509,'1034366',928,,968,7,,,0
20000509,'1034405',1115,,971,7,,,0
20000509,'1034409',2142,,972,7,,,0
20000509,'1034442',1833,,975,7,,,0
20000509,'1034450',852,,976,7,,,0
20000509,'1034457',2219,,978,7,,,0
