24000809,'1033973',1323,,981,2,4,,0
24000809,'1033980',1413,,983,2,4,,0
24000809,'1034003',1832,,984,2,4,,0
24000809,'1034051',1003,,988,2,4,,0
24000809,'1034078',1610,,990,2,4,,0
24000809,'1034123',1645,,991,2,4,,0
24000809,'1034128',1510,,992,2,4,,0
24000809,'1034252',1245,,995,2,4,,0
24000809,'1034259',743,,996,2,4,,0
24000809,'1034275',1937,,997,2,4,,0
24000809,'1034281',1145,,1000,2,4,,0
24000809,'1034316',2034,,1003,2,4,,0
24000809,'1034345',1058,,1004,2,4,,0
24000809,'1034359',2223,,1005,2,4,,0
24000809,'1034384',643,,1007,2,4,,0
24000809,'1034435',903,,1010,2,4,,0
24000809,'1034452',1742,,1012,2,4,,0
