209,'1033961',1429,,618,9,,,0
209,'1033967',1719,,620,9,,,0
209,'1033968',1842,,621,9,,,0
209,'1033999',1533,,626,9,,,0
209,'1034006',1019,,628,9,,,0
209,'1034011',1554,,629,9,,,0
209,'1034031',1345,,631,9,,,0
209,'1034048',2116,,634,9,,,0
209,'1034049',1243,,635,9,,,0
209,'1034068',821,,637,9,,,0
209,'1034071',2345,,638,9,,,0
209,'1034081',2005,,639,9,,,0
209,'1034082',700,,640,9,,,0
209,'1034085',1050,,641,9,,,0
209,'1034087',947,,642,9,,,0
209,'1034097',2145,,643,9,,,0
209,'1034100',1740,,644,9,,,0
209,'1034113',2406,,645,9,,,0
209,'1034114',1802,,646,9,,,0
209,'1034115',1324,,647,9,,,0
209,'1034125',2216,,648,9,,,0
209,'1034131',2026,,649,9,,,0
209,'1034153',2312,,652,9,,,0
209,'1034155',920,,653,9,,,0
209,'1034162',754,,655,9,,,0
209,'1034175',1821,,658,9,,,0
209,'1034176',1303,,659,9,,,0
209,'1034186',848,,660,9,,,0
209,'1034195',1408,,661,9,,,0
209,'1034206',1450,,665,9,,,0
209,'1034229',2050,,670,9,,,0
209,'1034302',1658,,678,9,,,0
209,'1034322',2245,,680,9,,,0
209,'1034324',1904,,681,9,,,0
209,'1034357',1222,,687,9,,,0
209,'1034361',1156,,688,9,,,0
209,'1034374',1925,,690,9,,,0
209,'1034381',1615,,691,9,,,0
209,'1034389',1637,,693,9,,,0
209,'1034400',1129,,695,9,,,0
209,'1034446',1946,,698,9,,,0
209,'1034461',1511,,699,9,,,0
