109,'1033958',2134,,511,7,0,19,0
109,'1033964',1610,,512,7,0,19,0
109,'1033965',1720,,513,7,0,19,0
109,'1033969',1830,,514,7,0,19,0
109,'1033974',1648,,515,7,0,19,0
109,'1033987',2226,,518,7,0,19,0
109,'1034024',703,,524,7,0,19,0
109,'1034043',2043,,528,7,0,19,0
109,'1034052',1626,,530,7,0,19,0
109,'1034065',1036,,532,7,0,19,0
109,'1034066',1506,,533,7,0,19,0
109,'1034088',1239,,535,7,0,19,0
109,'1034095',1138,,536,7,0,19,0
109,'1034096',1554,,537,7,0,19,0
109,'1034101',1434,,538,7,0,19,0
109,'1034105',1057,,539,7,0,19,0
109,'1034108',1418,,540,7,0,19,0
109,'1034112',1736,,542,7,0,19,0
109,'1034124',2011,,544,7,0,19,0
109,'1034134',517,,546,7,0,19,0
109,'1034139',2108,,547,7,0,19,0
109,'1034143',2318,,548,7,0,19,0
109,'1034171',610,,550,7,0,19,0
109,'1034179',1939,,551,7,0,19,0
109,'1034182',2027,,553,7,0,19,0
109,'1034191',1346,,555,7,0,19,0
109,'1034233',1223,,559,7,0,19,0
109,'1034234',637,,560,7,0,19,0
109,'1034249',951,,565,7,0,19,0
109,'1034250',1704,,566,7,0,19,0
109,'1034268',1153,,571,7,0,19,0
109,'1034282',827,,573,7,0,19,0
109,'1034288',1522,,574,7,0,19,0
109,'1034291',1814,,575,7,0,19,0
109,'1034303',2200,,578,7,0,19,0
109,'1034304',1014,,579,7,0,19,0
109,'1034311',2252,,581,7,0,19,0
109,'1034315',1450,,583,7,0,19,0
109,'1034328',1538,,585,7,0,19,0
109,'1034336',1846,,586,7,0,19,0
109,'1034340',905,,587,7,0,19,0
109,'1034342',1207,,588,7,0,19,0
109,'1034362',1330,,591,7,0,19,0
109,'1034363',732,,592,7,0,19,0
109,'1034364',758,,593,7,0,19,0
109,'1034379',1255,,597,7,0,19,0
109,'1034385',1902,,598,7,0,19,0
109,'1034391',926,,600,7,0,19,0
109,'1034394',1314,,601,7,0,19,0
109,'1034410',1122,,604,7,0,19,0
109,'1034415',1758,,605,7,0,19,0
109,'1034462',847,,611,7,0,19,0
109,'1034469',1402,,613,7,0,19,0
209,'1033960',1436,,617,9,0,11,0
209,'1033963',2215,,619,9,0,11,0
209,'1033970',1312,,622,9,0,11,0
209,'1033983',2245,,623,9,0,11,0
209,'1033989',1934,,624,9,0,11,0
209,'1033990',1727,,625,9,0,11,0
209,'1034004',1602,,627,9,0,11,0
209,'1034028',820,,630,9,0,11,0
209,'1034034',1149,,632,9,0,11,0
209,'1034044',2315,,633,9,0,11,0
209,'1034064',849,,636,9,0,11,0
209,'1034145',1210,,650,9,0,11,0
209,'1034149',2339,,651,9,0,11,0
209,'1034157',1746,,654,9,0,11,0
209,'1034163',1540,,656,9,0,11,0
209,'1034164',1056,,657,9,0,11,0
209,'1034196',1705,,662,9,0,11,0
209,'1034202',1955,,663,9,0,11,0
209,'1034205',1644,,664,9,0,11,0
209,'1034216',1415,,666,9,0,11,0
209,'1034218',753,,667,9,0,11,0
209,'1034226',1913,,668,9,0,11,0
209,'1034227',1230,,669,9,0,11,0
209,'1034230',1458,,671,9,0,11,0
209,'1034273',2145,,672,9,0,11,0
209,'1034278',2114,,673,9,0,11,0
209,'1034285',948,,674,9,0,11,0
209,'1034295',1123,,675,9,0,11,0
209,'1034296',916,,676,9,0,11,0
209,'1034297',1831,,677,9,0,11,0
209,'1034308',2045,,679,9,0,11,0
209,'1034325',1333,,682,9,0,11,0
209,'1034326',726,,683,9,0,11,0
209,'1034327',2019,,684,9,0,11,0
209,'1034343',1019,,685,9,0,11,0
209,'1034355',1623,,686,9,0,11,0
209,'1034369',1519,,689,9,0,11,0
209,'1034386',1251,,692,9,0,11,0
209,'1034395',632,,694,9,0,11,0
209,'1034414',1354,,696,9,0,11,0
209,'1034433',1807,,697,9,0,11,0
209,'1034477',1852,,700,9,0,11,0
409,'1034010',903,,781,2,0,24 3 25,0
409,'1034046',1446,,782,2,0,24 3 25,0
409,'1034047',1155,,783,2,0,24 3 25,0
409,'1034084',1359,,784,2,0,24 3 25,0
409,'1034136',1019,,786,2,0,24 3 25,0
409,'1034147',931,,787,2,0,24 3 25,0
409,'1034177',1312,,789,2,0,24 3 25,0
409,'1034197',1650,,791,2,0,24 3 25,0
409,'1034373',1533,,793,2,0,24 3 25,0
409,'1034436',1107,,795,2,0,24 3 25,0
