209,'1033961',1433,,618,10,4,,0
209,'1033967',1723,,620,10,4,,0
209,'1033968',1846,,621,10,4,,0
209,'1033999',1537,,626,10,4,,0
209,'1034006',1023,,628,10,4,,0
209,'1034011',1558,,629,10,4,,0
209,'1034031',1349,,631,10,4,,0
209,'1034048',2120,,634,10,4,,0
209,'1034049',1247,,635,10,4,,0
209,'1034068',825,,637,10,4,,0
209,'1034071',2349,,638,10,4,,0
209,'1034081',2009,,639,10,4,,0
209,'1034082',704,,640,10,4,,0
209,'1034085',1054,,641,10,4,,0
209,'1034087',951,,642,10,4,,0
209,'1034097',2149,,643,10,4,,0
209,'1034100',1744,,644,10,4,,0
209,'1034113',2410,,645,10,4,,0
209,'1034114',1806,,646,10,4,,0
209,'1034115',1328,,647,10,4,,0
209,'1034125',2220,,648,10,4,,0
209,'1034131',2030,,649,10,4,,0
209,'1034153',2316,,652,10,4,,0
209,'1034155',924,,653,10,4,,0
209,'1034162',758,,655,10,4,,0
209,'1034175',1825,,658,10,4,,0
209,'1034176',1307,,659,10,4,,0
209,'1034186',852,,660,10,4,,0
209,'1034195',1412,,661,10,4,,0
209,'1034206',1454,,665,10,4,,0
209,'1034229',2054,,670,10,4,,0
209,'1034302',1702,,678,10,4,,0
209,'1034322',2249,,680,10,4,,0
209,'1034324',1908,,681,10,4,,0
209,'1034357',1226,,687,10,4,,0
209,'1034361',1200,,688,10,4,,0
209,'1034374',1929,,690,10,4,,0
209,'1034381',1619,,691,10,4,,0
209,'1034389',1641,,693,10,4,,0
209,'1034400',1133,,695,10,4,,0
209,'1034446',1950,,698,10,4,,0
209,'1034461',1515,,699,10,4,,0
