20000509,'1033977',1440,,925,1,0,9 10,0
20000509,'1033982',821,,926,1,0,9 10,0
20000509,'1033993',1439,,927,13,4,,0
20000509,'1033995',2110,,928,1,0,9 10,0
20000509,'1034008',2339,,929,13,4,,0
20000509,'1034016',2302,,930,13,4,,0
20000509,'1034041',1200,,931,13,4,,0
20000509,'1034055',1239,,932,13,4,,0
20000509,'1034075',934,,933,1,0,9 10,0
20000509,'1034079',1320,,934,1,0,9 10,0
20000509,'1034086',2029,,935,13,4,,0
20000509,'1034092',557,,936,1,0,9 10,0
20000509,'1034093',709,,937,13,4,,0
20000509,'1034098',1520,,938,1,0,9 10,0
20000509,'1034119',1640,,939,1,0,9 10,0
20000509,'1034122',1559,,940,13,4,,0
20000509,'1034137',1201,,941,1,0,9 10,0
20000509,'1034150',1840,,942,1,0,9 10,0
20000509,'1034151',633,,943,13,4,,0
20000509,'1034165',2030,,944,1,0,9 10,0
20000509,'1034170',1919,,945,13,4,,0
20000509,'1034187',2109,,946,13,4,,0
20000509,'1034203',1920,,947,1,0,9 10,0
20000509,'1034207',1359,,948,13,4,,0
20000509,'1034213',745,,949,1,0,9 10,0
20000509,'1034217',821,,950,13,4,,0
20000509,'1034224',1719,,951,13,4,,0
20000509,'1034236',1013,,952,1,0,9 10,0
20000509,'1034256',709,,953,1,0,9 10,0
20000509,'1034264',1400,,954,1,0,9 10,0
20000509,'1034274',1122,,955,1,0,9 10,0
20000509,'1034279',1240,,956,1,0,9 10,0
20000509,'1034289',2416,,957,13,4,,0
20000509,'1034293',1319,,958,13,4,,0
20000509,'1034306',1759,,959,13,4,,0
20000509,'1034314',1519,,960,13,4,,0
20000509,'1034317',1012,,961,13,4,,0
20000509,'1034318',2303,,962,1,0,9 10,0
20000509,'1034331',745,,963,13,4,,0
20000509,'1034341',633,,964,1,0,9 10,0
20000509,'1034344',2340,,965,1,0,9 10,0
20000509,'1034353',1639,,966,13,4,,0
20000509,'1034360',1600,,967,1,0,9 10,0
20000509,'1034366',933,,968,13,4,,0
20000509,'1034392',1720,,969,1,0,9 10,0
20000509,'1034401',1800,,970,1,0,9 10,0
20000509,'1034405',1121,,971,13,4,,0
20000509,'1034409',2148,,972,13,4,,0
20000509,'1034412',2226,,973,1,0,9 10,0
20000509,'1034421',857,,974,1,0,9 10,0
20000509,'1034442',1839,,975,13,4,,0
20000509,'1034450',857,,976,13,4,,0
20000509,'1034456',2149,,977,1,0,9 10,0
20000509,'1034457',2225,,978,13,4,,0
20000509,'1034459',557,,979,3,4,,0
