1209,'1033998',1212,,851,4,0,23,0
1209,'1034029',1555,,852,4,0,23,0
1209,'1034109',830,,854,4,0,23,0
1209,'1034152',1805,,856,4,0,23,0
1209,'1034290',1316,,860,4,0,23,0
1209,'1034406',934,,862,4,0,23,0
1209,'1034408',1038,,863,4,0,23,0
1209,'1034425',1700,,865,4,0,23,0
1209,'1034428',1420,,866,4,0,23,0
20000509,'1033977',1447,,925,6,0,9 10,0
20000509,'1033982',828,,926,6,0,9 10,0
20000509,'1033995',2117,,928,6,0,9 10,0
20000509,'1034075',941,,933,6,0,9 10,0
20000509,'1034079',1327,,934,6,0,9 10,0
20000509,'1034092',604,,936,6,0,9 10,0
20000509,'1034098',1527,,938,6,0,9 10,0
20000509,'1034119',1647,,939,6,0,9 10,0
20000509,'1034137',1208,,941,6,0,9 10,0
20000509,'1034150',1847,,942,6,0,9 10,0
20000509,'1034165',2037,,944,6,0,9 10,0
20000509,'1034203',1927,,947,6,0,9 10,0
20000509,'1034213',752,,949,6,0,9 10,0
20000509,'1034236',1020,,952,6,0,9 10,0
20000509,'1034256',716,,953,6,0,9 10,0
20000509,'1034264',1407,,954,6,0,9 10,0
20000509,'1034274',1129,,955,6,0,9 10,0
20000509,'1034279',1247,,956,6,0,9 10,0
20000509,'1034318',2310,,962,6,0,9 10,0
20000509,'1034341',640,,964,6,0,9 10,0
20000509,'1034344',2347,,965,6,0,9 10,0
20000509,'1034360',1607,,967,6,0,9 10,0
20000509,'1034392',1727,,969,6,0,9 10,0
20000509,'1034401',1807,,970,6,0,9 10,0
20000509,'1034412',2233,,973,6,0,9 10,0
20000509,'1034421',904,,974,6,0,9 10,0
20000509,'1034456',2156,,977,6,0,9 10,0
