209,'1033960',1417,,617,1,0,11,0
209,'1033961',1434,,618,11,4,,0
209,'1033963',2156,,619,1,0,11,0
209,'1033967',1724,,620,11,4,,0
209,'1033968',1847,,621,11,4,,0
209,'1033970',1253,,622,1,0,11,0
209,'1033983',2226,,623,1,0,11,0
209,'1033989',1915,,624,1,0,11,0
209,'1033990',1708,,625,1,0,11,0
209,'1033999',1538,,626,11,4,,0
209,'1034004',1543,,627,1,0,11,0
209,'1034006',1024,,628,11,4,,0
209,'1034011',1559,,629,11,4,,0
209,'1034028',803,,630,1,0,11,0
209,'1034031',1350,,631,11,4,,0
209,'1034034',1130,,632,1,0,11,0
209,'1034044',2256,,633,1,0,11,0
209,'1034048',2121,,634,11,4,,0
209,'1034049',1248,,635,11,4,,0
209,'1034064',830,,636,1,0,11,0
209,'1034068',826,,637,11,4,,0
209,'1034071',2350,,638,11,4,,0
209,'1034081',2010,,639,11,4,,0
209,'1034082',705,,640,11,4,,0
209,'1034085',1055,,641,11,4,,0
209,'1034087',952,,642,11,4,,0
209,'1034097',2150,,643,11,4,,0
209,'1034100',1745,,644,11,4,,0
209,'1034113',2411,,645,11,4,,0
209,'1034114',1807,,646,11,4,,0
209,'1034115',1329,,647,11,4,,0
209,'1034125',2221,,648,11,4,,0
209,'1034131',2031,,649,11,4,,0
209,'1034145',1151,,650,1,0,11,0
209,'1034149',2320,,651,1,0,11,0
209,'1034153',2317,,652,11,4,,0
209,'1034155',925,,653,11,4,,0
209,'1034157',1727,,654,1,0,11,0
209,'1034162',759,,655,11,4,,0
209,'1034163',1521,,656,1,0,11,0
209,'1034164',1037,,657,1,0,11,0
209,'1034175',1826,,658,11,4,,0
209,'1034176',1308,,659,11,4,,0
209,'1034186',853,,660,11,4,,0
209,'1034195',1413,,661,11,4,,0
209,'1034196',1646,,662,1,0,11,0
209,'1034202',1936,,663,1,0,11,0
209,'1034205',1625,,664,1,0,11,0
209,'1034206',1455,,665,11,4,,0
209,'1034216',1356,,666,1,0,11,0
209,'1034218',736,,667,1,0,11,0
209,'1034226',1854,,668,1,0,11,0
209,'1034227',1211,,669,1,0,11,0
209,'1034229',2055,,670,11,4,,0
209,'1034230',1439,,671,1,0,11,0
209,'1034273',2126,,672,1,0,11,0
209,'1034278',2055,,673,1,0,11,0
209,'1034285',929,,674,1,0,11,0
209,'1034295',1104,,675,1,0,11,0
209,'1034296',857,,676,1,0,11,0
209,'1034297',1812,,677,1,0,11,0
209,'1034302',1703,,678,11,4,,0
209,'1034308',2026,,679,1,0,11,0
209,'1034322',2250,,680,11,4,,0
209,'1034324',1909,,681,11,4,,0
209,'1034325',1314,,682,1,0,11,0
209,'1034326',709,,683,1,0,11,0
209,'1034327',2000,,684,1,0,11,0
209,'1034343',1000,,685,1,0,11,0
209,'1034355',1604,,686,1,0,11,0
209,'1034357',1227,,687,11,4,,0
209,'1034361',1201,,688,11,4,,0
209,'1034369',1500,,689,1,0,11,0
209,'1034374',1930,,690,11,4,,0
209,'1034381',1620,,691,11,4,,0
209,'1034386',1232,,692,1,0,11,0
209,'1034389',1642,,693,11,4,,0
209,'1034395',615,,694,1,0,11,0
209,'1034400',1134,,695,11,4,,0
209,'1034414',1335,,696,1,0,11,0
209,'1034433',1748,,697,1,0,11,0
209,'1034446',1951,,698,11,4,,0
209,'1034461',1516,,699,11,4,,0
209,'1034477',1833,,700,1,0,11,0
