1209,'1033998',1213,,851,5,0,23,0
1209,'1034029',1556,,852,5,0,23,0
1209,'1034109',831,,854,5,0,23,0
1209,'1034152',1806,,856,5,0,23,0
1209,'1034290',1317,,860,5,0,23,0
1209,'1034406',935,,862,5,0,23,0
1209,'1034408',1039,,863,5,0,23,0
1209,'1034425',1701,,865,5,0,23,0
1209,'1034428',1421,,866,5,0,23,0
20000509,'1033977',1448,,925,7,0,9 10,0
20000509,'1033982',829,,926,7,0,9 10,0
20000509,'1033995',2118,,928,7,0,9 10,0
20000509,'1034075',942,,933,7,0,9 10,0
20000509,'1034079',1328,,934,7,0,9 10,0
20000509,'1034092',605,,936,7,0,9 10,0
20000509,'1034098',1528,,938,7,0,9 10,0
20000509,'1034119',1648,,939,7,0,9 10,0
20000509,'1034137',1209,,941,7,0,9 10,0
20000509,'1034150',1848,,942,7,0,9 10,0
20000509,'1034165',2038,,944,7,0,9 10,0
20000509,'1034203',1928,,947,7,0,9 10,0
20000509,'1034213',753,,949,7,0,9 10,0
20000509,'1034236',1021,,952,7,0,9 10,0
20000509,'1034256',717,,953,7,0,9 10,0
20000509,'1034264',1408,,954,7,0,9 10,0
20000509,'1034274',1130,,955,7,0,9 10,0
20000509,'1034279',1248,,956,7,0,9 10,0
20000509,'1034318',2311,,962,7,0,9 10,0
20000509,'1034341',641,,964,7,0,9 10,0
20000509,'1034344',2348,,965,7,0,9 10,0
20000509,'1034360',1608,,967,7,0,9 10,0
20000509,'1034392',1728,,969,7,0,9 10,0
20000509,'1034401',1808,,970,7,0,9 10,0
20000509,'1034412',2234,,973,7,0,9 10,0
20000509,'1034421',905,,974,7,0,9 10,0
20000509,'1034456',2157,,977,7,0,9 10,0
