20000509,'1033977',1450,,925,9,0,9 10,0
20000509,'1033982',831,,926,9,0,9 10,0
20000509,'1033995',2120,,928,9,0,9 10,0
20000509,'1034075',944,,933,9,0,9 10,0
20000509,'1034079',1330,,934,9,0,9 10,0
20000509,'1034092',607,,936,9,0,9 10,0
20000509,'1034098',1530,,938,9,0,9 10,0
20000509,'1034119',1650,,939,9,0,9 10,0
20000509,'1034137',1211,,941,9,0,9 10,0
20000509,'1034150',1850,,942,9,0,9 10,0
20000509,'1034165',2040,,944,9,0,9 10,0
20000509,'1034203',1930,,947,9,0,9 10,0
20000509,'1034213',755,,949,9,0,9 10,0
20000509,'1034236',1023,,952,9,0,9 10,0
20000509,'1034256',719,,953,9,0,9 10,0
20000509,'1034264',1410,,954,9,0,9 10,0
20000509,'1034274',1132,,955,9,0,9 10,0
20000509,'1034279',1250,,956,9,0,9 10,0
20000509,'1034318',2313,,962,9,0,9 10,0
20000509,'1034341',643,,964,9,0,9 10,0
20000509,'1034344',2350,,965,9,0,9 10,0
20000509,'1034360',1610,,967,9,0,9 10,0
20000509,'1034392',1730,,969,9,0,9 10,0
20000509,'1034401',1810,,970,9,0,9 10,0
20000509,'1034412',2236,,973,9,0,9 10,0
20000509,'1034421',907,,974,9,0,9 10,0
20000509,'1034456',2159,,977,9,0,9 10,0
