3000509,'1033957',1638,,870,8,0,17 18,0
3000509,'1033988',2258,,872,8,0,17 18,0
3000509,'1033996',2144,,873,8,0,17 18,0
3000509,'1033997',2107,,874,8,0,17 18,0
3000509,'1034038',1516,,877,8,0,17 18,0
3000509,'1034053',924,,878,8,0,17 18,0
3000509,'1034054',814,,879,8,0,17 18,0
3000509,'1034061',1435,,880,8,0,17 18,0
3000509,'1034077',739,,883,8,0,17 18,0
3000509,'1034091',1841,,884,8,0,17 18,0
3000509,'1034127',1154,,886,8,0,17 18,0
3000509,'1034138',2412,,887,8,0,17 18,0
3000509,'1034166',1719,,890,8,0,17 18,0
3000509,'1034167',2221,,891,8,0,17 18,0
3000509,'1034172',1557,,893,8,0,17 18,0
3000509,'1034173',1354,,894,8,0,17 18,0
3000509,'1034193',1800,,896,8,0,17 18,0
3000509,'1034198',631,,897,8,0,17 18,0
3000509,'1034200',705,,898,8,0,17 18,0
3000509,'1034204',1313,,900,8,0,17 18,0
3000509,'1034253',557,,903,5,0,17 18,0
3000509,'1034284',2030,,904,8,0,17 18,0
3000509,'1034333',1232,,906,8,0,17 18,0
3000509,'1034356',1114,,909,8,0,17 18,0
3000509,'1034375',2335,,911,8,0,17 18,0
3000509,'1034413',849,,917,8,0,17 18,0
3000509,'1034445',1003,,918,8,0,17 18,0
3000509,'1034464',1922,,920,8,0,17 18,0
