109,'1033981',2326,,516,11,,,0
109,'1033986',2301,,517,11,,,0
109,'1034005',2209,,519,11,,,0
109,'1034007',709,,520,11,0,7 8,0
109,'1034015',1415,,521,11,,,0
109,'1034017',1206,,522,11,,,0
109,'1034018',735,,523,11,0,7 8,0
109,'1034027',642,,525,11,0,7 8,0
109,'1034039',1852,,526,11,,,0
109,'1034040',1711,,527,11,0,7 8,0
109,'1034045',1323,,529,11,,,0
109,'1034060',1307,,531,11,0,7 8,0
109,'1034069',1010,,534,11,,,0
109,'1034111',1535,,541,11,,,0
109,'1034117',1035,,543,11,,,0
109,'1034132',1503,,545,11,,,0
109,'1034144',2118,,549,11,,,0
109,'1034180',1908,,552,11,,,0
109,'1034183',1733,,554,11,0,7 8,0
109,'1034209',2014,,556,11,,,0
109,'1034212',1924,,557,11,,,0
109,'1034214',1431,,558,11,,,0
109,'1034239',1623,,561,11,0,7 8,0
109,'1034241',1655,,562,11,0,7 8,0
109,'1034243',1447,,563,11,,,0
109,'1034248',830,,564,11,0,7 8,0
109,'1034251',2235,,567,11,,,0
109,'1034261',1058,,568,11,,,0
109,'1034262',909,,569,11,,,0
109,'1034265',1141,,570,11,,,0
109,'1034280',1222,,572,11,,,0
109,'1034292',1120,,576,11,,,0
109,'1034300',549,,577,11,0,7 8,0
109,'1034307',1821,,580,11,0,7 8,0
109,'1034313',1519,,582,11,,,0
109,'1034319',1359,,584,11,,,0
109,'1034346',2102,,589,11,,,0
109,'1034358',949,,590,11,,,0
109,'1034368',2046,,594,11,,,0
109,'1034371',1749,,595,11,0,7 8,0
109,'1034378',1607,,596,11,,,0
109,'1034387',1805,,599,11,0,7 8,0
109,'1034396',1339,,602,11,,,0
109,'1034402',2353,,603,11,,,0
109,'1034416',1237,,606,11,,,0
109,'1034417',2143,,607,11,,,0
109,'1034430',929,,608,11,,,0
109,'1034434',1940,,609,11,,,0
109,'1034444',804,,610,11,0,7 8,0
109,'1034465',1551,,612,11,,,0
109,'1034476',1251,,614,11,0,7 8,0
109,'1034478',1836,,615,11,,,0
109,'1034479',1639,,616,11,0,7 8,0
