109,'1034007',715,,520,15,0,7 8,0
109,'1034018',741,,523,15,0,7 8,0
109,'1034027',648,,525,15,0,7 8,0
109,'1034040',1717,,527,15,0,7 8,0
109,'1034060',1313,,531,15,0,7 8,0
109,'1034183',1739,,554,15,0,7 8,0
109,'1034239',1629,,561,15,0,7 8,0
109,'1034241',1701,,562,15,0,7 8,0
109,'1034248',836,,564,15,0,7 8,0
109,'1034300',555,,577,15,0,7 8,0
109,'1034307',1827,,580,15,0,7 8,0
109,'1034371',1755,,595,15,0,7 8,0
109,'1034387',1811,,599,15,0,7 8,0
109,'1034444',810,,610,15,0,7 8,0
109,'1034476',1257,,614,15,0,7 8,0
109,'1034479',1645,,616,15,0,7 8,0
