109,'1033981',2322,,516,8,,,0
109,'1033986',2257,,517,8,,,0
109,'1034005',2205,,519,8,,,0
109,'1034007',706,,520,8,0,7 8,0
109,'1034015',1411,,521,8,,,0
109,'1034017',1202,,522,8,,,0
109,'1034018',732,,523,8,0,7 8,0
109,'1034027',639,,525,8,0,7 8,0
109,'1034039',1848,,526,8,,,0
109,'1034040',1707,,527,8,0,7 8,0
109,'1034045',1319,,529,8,,,0
109,'1034060',1303,,531,8,0,7 8,0
109,'1034069',1006,,534,8,,,0
109,'1034111',1531,,541,8,,,0
109,'1034117',1031,,543,8,,,0
109,'1034132',1459,,545,8,,,0
109,'1034144',2114,,549,8,,,0
109,'1034180',1904,,552,8,,,0
109,'1034183',1729,,554,8,0,7 8,0
109,'1034209',2010,,556,8,,,0
109,'1034212',1920,,557,8,,,0
109,'1034214',1427,,558,8,,,0
109,'1034239',1619,,561,8,0,7 8,0
109,'1034241',1651,,562,8,0,7 8,0
109,'1034243',1443,,563,8,,,0
109,'1034248',827,,564,8,0,7 8,0
109,'1034251',2231,,567,8,,,0
109,'1034261',1054,,568,8,,,0
109,'1034262',905,,569,8,,,0
109,'1034265',1137,,570,8,,,0
109,'1034280',1218,,572,8,,,0
109,'1034292',1116,,576,8,,,0
109,'1034300',546,,577,8,0,7 8,0
109,'1034307',1817,,580,8,0,7 8,0
109,'1034313',1515,,582,8,,,0
109,'1034319',1355,,584,8,,,0
109,'1034346',2058,,589,8,,,0
109,'1034358',945,,590,8,,,0
109,'1034368',2042,,594,8,,,0
109,'1034371',1745,,595,8,0,7 8,0
109,'1034378',1603,,596,8,,,0
109,'1034387',1801,,599,8,0,7 8,0
109,'1034396',1335,,602,8,,,0
109,'1034402',2349,,603,8,,,0
109,'1034416',1233,,606,8,,,0
109,'1034417',2139,,607,8,,,0
109,'1034430',925,,608,8,,,0
109,'1034434',1936,,609,8,,,0
109,'1034444',801,,610,8,0,7 8,0
109,'1034465',1547,,612,8,,,0
109,'1034476',1247,,614,8,0,7 8,0
109,'1034478',1832,,615,8,,,0
109,'1034479',1635,,616,8,0,7 8,0
209,'1033961',1421,,618,6,,,0
209,'1033967',1711,,620,6,,,0
209,'1033968',1834,,621,6,,,0
209,'1033999',1525,,626,6,,,0
209,'1034006',1011,,628,6,,,0
209,'1034011',1546,,629,6,,,0
209,'1034031',1337,,631,6,,,0
209,'1034048',2108,,634,6,,,0
209,'1034049',1235,,635,6,,,0
209,'1034068',813,,637,6,,,0
209,'1034071',2337,,638,6,,,0
209,'1034081',1957,,639,6,,,0
209,'1034082',652,,640,6,,,0
209,'1034085',1042,,641,6,,,0
209,'1034087',939,,642,6,,,0
209,'1034097',2137,,643,6,,,0
209,'1034100',1732,,644,6,,,0
209,'1034113',2358,,645,6,,,0
209,'1034114',1754,,646,6,,,0
209,'1034115',1316,,647,6,,,0
209,'1034125',2208,,648,6,,,0
209,'1034131',2018,,649,6,,,0
209,'1034153',2304,,652,6,,,0
209,'1034155',912,,653,6,,,0
209,'1034162',746,,655,6,,,0
209,'1034175',1813,,658,6,,,0
209,'1034176',1255,,659,6,,,0
209,'1034186',840,,660,6,,,0
209,'1034195',1400,,661,6,,,0
209,'1034206',1442,,665,6,,,0
209,'1034229',2042,,670,6,,,0
209,'1034302',1650,,678,6,,,0
209,'1034322',2237,,680,6,,,0
209,'1034324',1856,,681,6,,,0
209,'1034357',1214,,687,6,,,0
209,'1034361',1148,,688,6,,,0
209,'1034374',1917,,690,6,,,0
209,'1034381',1607,,691,6,,,0
209,'1034389',1629,,693,6,,,0
209,'1034400',1121,,695,6,,,0
209,'1034446',1938,,698,6,,,0
209,'1034461',1503,,699,6,,,0
409,'1033979',1011,,779,6,4,,0
409,'1033994',1642,,780,6,4,,0
409,'1034099',1525,,785,6,4,,0
409,'1034154',1724,,788,6,4,,0
409,'1034189',1304,,790,6,4,,0
409,'1034298',1147,,792,6,4,,0
409,'1034382',1438,,794,6,4,,0
409,'1034451',1059,,796,6,4,,0
409,'1034453',923,,797,6,4,,0
409,'1034474',1351,,798,6,4,,0
