609,'1033966',1944,,799,2,,,0
609,'1033975',1702,,800,2,,,0
609,'1033991',1517,,801,2,,,0
609,'1034042',1257,,803,2,,,0
609,'1034058',2018,,805,2,,,0
609,'1034116',1220,,809,2,,,0
609,'1034133',1407,,811,2,,,0
609,'1034135',1442,,812,2,,,0
609,'1034142',1917,,813,2,,,0
609,'1034159',1332,,814,2,,,0
609,'1034161',1627,,815,2,,,0
609,'1034178',1737,,816,2,,,0
609,'1034185',2045,,817,2,,,0
609,'1034269',834,,824,2,,,0
609,'1034299',939,,825,2,,,0
609,'1034301',1044,,826,2,,,0
609,'1034312',1552,,829,2,,,0
609,'1034321',1119,,830,2,,,0
609,'1034354',1812,,833,2,,,0
