1209,'1033998',1201,,851,1,0,23,0
1209,'1034029',1544,,852,1,0,23,0
1209,'1034073',1405,,853,7,4,,0
1209,'1034109',819,,854,1,0,23,0
1209,'1034126',815,,855,7,4,,0
1209,'1034152',1754,,856,1,0,23,0
1209,'1034222',1157,,857,7,4,,0
1209,'1034244',1540,,858,7,4,,0
1209,'1034247',1301,,859,7,4,,0
1209,'1034290',1305,,860,1,0,23,0
1209,'1034305',1023,,861,7,4,,0
1209,'1034406',923,,862,1,0,23,0
1209,'1034408',1027,,863,1,0,23,0
1209,'1034411',1750,,864,7,4,,0
1209,'1034425',1649,,865,1,0,23,0
1209,'1034428',1409,,866,1,0,23,0
1209,'1034432',919,,867,7,4,,0
1209,'1034454',1645,,869,7,4,,0
