1209,'1034073',1354,,853,4,,,0
1209,'1034126',804,,855,4,,,0
1209,'1034222',1146,,857,4,,,0
1209,'1034244',1529,,858,4,,,0
1209,'1034247',1250,,859,4,,,0
1209,'1034305',1012,,861,4,,,0
1209,'1034411',1739,,864,4,,,0
1209,'1034432',908,,867,4,,,0
1209,'1034454',1634,,869,4,,,0
20000509,'1033993',1427,,927,4,,,0
20000509,'1034008',2327,,929,4,,,0
20000509,'1034016',2250,,930,4,,,0
20000509,'1034041',1148,,931,4,,,0
20000509,'1034055',1227,,932,4,,,0
20000509,'1034086',2017,,935,4,,,0
20000509,'1034093',658,,937,4,,,0
20000509,'1034122',1547,,940,4,,,0
20000509,'1034151',622,,943,4,,,0
20000509,'1034170',1907,,945,4,,,0
20000509,'1034187',2057,,946,4,,,0
20000509,'1034207',1347,,948,4,,,0
20000509,'1034217',810,,950,4,,,0
20000509,'1034224',1707,,951,4,,,0
20000509,'1034289',2404,,957,4,,,0
20000509,'1034293',1307,,958,4,,,0
20000509,'1034306',1747,,959,4,,,0
20000509,'1034314',1507,,960,4,,,0
20000509,'1034317',1000,,961,4,,,0
20000509,'1034331',734,,963,4,,,0
20000509,'1034353',1627,,966,4,,,0
20000509,'1034366',922,,968,4,,,0
20000509,'1034405',1109,,971,4,,,0
20000509,'1034409',2136,,972,4,,,0
20000509,'1034442',1827,,975,4,,,0
20000509,'1034450',846,,976,4,,,0
20000509,'1034457',2213,,978,4,,,0
