3000509,'1033976',2346,,871,4,,,0
3000509,'1034033',716,,875,4,,,0
3000509,'1034035',750,,876,4,,,0
3000509,'1034067',1406,,881,4,,,0
3000509,'1034076',642,,882,4,,,0
3000509,'1034110',2118,,885,4,,,0
3000509,'1034148',1447,,888,4,,,0
3000509,'1034156',2309,,889,4,,,0
3000509,'1034169',900,,892,4,,,0
3000509,'1034184',2155,,895,4,,,0
3000509,'1034201',1812,,899,4,,,0
3000509,'1034225',1853,,901,4,,,0
3000509,'1034245',1731,,902,4,,,0
3000509,'1034287',935,,905,4,,,0
3000509,'1034350',2232,,907,4,,,0
3000509,'1034352',608,,908,4,,,0
3000509,'1034367',2041,,910,4,,,0
3000509,'1034377',1650,,912,4,,,0
3000509,'1034390',1015,,913,4,,,0
3000509,'1034399',1325,,914,4,,,0
3000509,'1034403',1528,,915,4,,,0
3000509,'1034404',1126,,916,4,,,0
3000509,'1034447',1206,,919,4,,,0
3000509,'1034470',1934,,921,4,,,0
3000509,'1034471',1609,,922,4,,,0
3000509,'1034472',1244,,923,4,,,0
3000509,'1034480',825,,924,4,,,0
