109,'1033958',2136,,511,8,0,19,0
109,'1033964',1613,,512,8,0,19,0
109,'1033965',1723,,513,8,0,19,0
109,'1033969',1832,,514,8,0,19,0
109,'1033974',1651,,515,8,0,19,0
109,'1033987',2228,,518,8,0,19,0
109,'1034024',705,,524,8,0,19,0
109,'1034043',2045,,528,8,0,19,0
109,'1034052',1629,,530,8,0,19,0
109,'1034065',1039,,532,8,0,19,0
109,'1034066',1509,,533,8,0,19,0
109,'1034088',1242,,535,8,0,19,0
109,'1034095',1141,,536,8,0,19,0
109,'1034096',1557,,537,8,0,19,0
109,'1034101',1437,,538,8,0,19,0
109,'1034105',1100,,539,8,0,19,0
109,'1034108',1421,,540,8,0,19,0
109,'1034112',1739,,542,8,0,19,0
109,'1034124',2013,,544,8,0,19,0
109,'1034134',519,,546,8,0,19,0
109,'1034139',2110,,547,8,0,19,0
109,'1034143',2320,,548,8,0,19,0
109,'1034171',612,,550,8,0,19,0
109,'1034179',1941,,551,8,0,19,0
109,'1034182',2029,,553,8,0,19,0
109,'1034191',1349,,555,8,0,19,0
109,'1034233',1226,,559,8,0,19,0
109,'1034234',639,,560,8,0,19,0
109,'1034249',954,,565,8,0,19,0
109,'1034250',1707,,566,8,0,19,0
109,'1034268',1156,,571,8,0,19,0
109,'1034282',830,,573,8,0,19,0
109,'1034288',1525,,574,8,0,19,0
109,'1034291',1816,,575,8,0,19,0
109,'1034303',2202,,578,8,0,19,0
109,'1034304',1017,,579,8,0,19,0
109,'1034311',2254,,581,8,0,19,0
109,'1034315',1453,,583,8,0,19,0
109,'1034328',1541,,585,8,0,19,0
109,'1034336',1848,,586,8,0,19,0
109,'1034340',908,,587,8,0,19,0
109,'1034342',1210,,588,8,0,19,0
109,'1034362',1333,,591,8,0,19,0
109,'1034363',734,,592,8,0,19,0
109,'1034364',800,,593,8,0,19,0
109,'1034379',1258,,597,8,0,19,0
109,'1034385',1904,,598,8,0,19,0
109,'1034391',929,,600,8,0,19,0
109,'1034394',1317,,601,8,0,19,0
109,'1034410',1125,,604,8,0,19,0
109,'1034415',1800,,605,8,0,19,0
109,'1034462',850,,611,8,0,19,0
109,'1034469',1405,,613,8,0,19,0
209,'1033960',1439,,617,10,0,11,0
209,'1033963',2217,,619,10,0,11,0
209,'1033970',1315,,622,10,0,11,0
209,'1033983',2247,,623,10,0,11,0
209,'1033989',1936,,624,10,0,11,0
209,'1033990',1730,,625,10,0,11,0
209,'1034004',1605,,627,10,0,11,0
209,'1034028',822,,630,10,0,11,0
209,'1034034',1152,,632,10,0,11,0
209,'1034044',2317,,633,10,0,11,0
209,'1034064',852,,636,10,0,11,0
209,'1034145',1213,,650,10,0,11,0
209,'1034149',2341,,651,10,0,11,0
209,'1034157',1749,,654,10,0,11,0
209,'1034163',1543,,656,10,0,11,0
209,'1034164',1059,,657,10,0,11,0
209,'1034196',1708,,662,10,0,11,0
209,'1034202',1957,,663,10,0,11,0
209,'1034205',1647,,664,10,0,11,0
209,'1034216',1418,,666,10,0,11,0
209,'1034218',755,,667,10,0,11,0
209,'1034226',1915,,668,10,0,11,0
209,'1034227',1233,,669,10,0,11,0
209,'1034230',1501,,671,10,0,11,0
209,'1034273',2147,,672,10,0,11,0
209,'1034278',2116,,673,10,0,11,0
209,'1034285',951,,674,10,0,11,0
209,'1034295',1126,,675,10,0,11,0
209,'1034296',919,,676,10,0,11,0
209,'1034297',1833,,677,10,0,11,0
209,'1034308',2047,,679,10,0,11,0
209,'1034325',1336,,682,10,0,11,0
209,'1034326',728,,683,10,0,11,0
209,'1034327',2021,,684,10,0,11,0
209,'1034343',1022,,685,10,0,11,0
209,'1034355',1626,,686,10,0,11,0
209,'1034369',1522,,689,10,0,11,0
209,'1034386',1254,,692,10,0,11,0
209,'1034395',634,,694,10,0,11,0
209,'1034414',1357,,696,10,0,11,0
209,'1034433',1810,,697,10,0,11,0
209,'1034477',1854,,700,10,0,11,0
409,'1034010',906,,781,3,0,24 3 25,0
409,'1034046',1449,,782,3,0,24 3 25,0
409,'1034047',1158,,783,3,0,24 3 25,0
409,'1034084',1402,,784,3,0,24 3 25,0
409,'1034136',1022,,786,3,0,24 3 25,0
409,'1034147',934,,787,3,0,24 3 25,0
409,'1034177',1315,,789,3,0,24 3 25,0
409,'1034197',1653,,791,3,0,24 3 25,0
409,'1034373',1536,,793,3,0,24 3 25,0
409,'1034436',1110,,795,3,0,24 3 25,0
