20000509,'1033993',1436,,927,11,,,0
20000509,'1034008',2336,,929,11,,,0
20000509,'1034016',2259,,930,11,,,0
20000509,'1034041',1157,,931,11,,,0
20000509,'1034055',1236,,932,11,,,0
20000509,'1034086',2026,,935,11,,,0
20000509,'1034093',707,,937,11,,,0
20000509,'1034122',1556,,940,11,,,0
20000509,'1034151',631,,943,11,,,0
20000509,'1034170',1916,,945,11,,,0
20000509,'1034187',2106,,946,11,,,0
20000509,'1034207',1356,,948,11,,,0
20000509,'1034217',819,,950,11,,,0
20000509,'1034224',1716,,951,11,,,0
20000509,'1034289',2413,,957,11,,,0
20000509,'1034293',1316,,958,11,,,0
20000509,'1034306',1756,,959,11,,,0
20000509,'1034314',1516,,960,11,,,0
20000509,'1034317',1009,,961,11,,,0
20000509,'1034331',743,,963,11,,,0
20000509,'1034353',1636,,966,11,,,0
20000509,'1034366',931,,968,11,,,0
20000509,'1034405',1118,,971,11,,,0
20000509,'1034409',2145,,972,11,,,0
20000509,'1034442',1836,,975,11,,,0
20000509,'1034450',855,,976,11,,,0
20000509,'1034457',2222,,978,11,,,0
20000509,'1034459',555,,979,1,,,0
