609,'1033966',1946,,799,4,,,0
609,'1033975',1704,,800,4,,,0
609,'1033991',1519,,801,4,,,0
609,'1034042',1259,,803,4,,,0
609,'1034058',2020,,805,4,,,0
609,'1034116',1222,,809,4,,,0
609,'1034133',1409,,811,4,,,0
609,'1034135',1444,,812,4,,,0
609,'1034142',1919,,813,4,,,0
609,'1034159',1334,,814,4,,,0
609,'1034161',1629,,815,4,,,0
609,'1034178',1739,,816,4,,,0
609,'1034185',2047,,817,4,,,0
609,'1034269',836,,824,4,,,0
609,'1034299',941,,825,4,,,0
609,'1034301',1046,,826,4,,,0
609,'1034312',1554,,829,4,,,0
609,'1034321',1121,,830,4,,,0
609,'1034354',1814,,833,4,,,0
