209,'1033960',1429,,617,6,0,11,0
209,'1033963',2208,,619,6,0,11,0
209,'1033970',1305,,622,6,0,11,0
209,'1033983',2238,,623,6,0,11,0
209,'1033989',1927,,624,6,0,11,0
209,'1033990',1720,,625,6,0,11,0
209,'1034004',1555,,627,6,0,11,0
209,'1034028',815,,630,6,0,11,0
209,'1034034',1142,,632,6,0,11,0
209,'1034044',2308,,633,6,0,11,0
209,'1034064',842,,636,6,0,11,0
209,'1034145',1203,,650,6,0,11,0
209,'1034149',2332,,651,6,0,11,0
209,'1034157',1739,,654,6,0,11,0
209,'1034163',1533,,656,6,0,11,0
209,'1034164',1049,,657,6,0,11,0
209,'1034196',1658,,662,6,0,11,0
209,'1034202',1948,,663,6,0,11,0
209,'1034205',1637,,664,6,0,11,0
209,'1034216',1408,,666,6,0,11,0
209,'1034218',748,,667,6,0,11,0
209,'1034226',1906,,668,6,0,11,0
209,'1034227',1223,,669,6,0,11,0
209,'1034230',1451,,671,6,0,11,0
209,'1034273',2138,,672,6,0,11,0
209,'1034278',2107,,673,6,0,11,0
209,'1034285',941,,674,6,0,11,0
209,'1034295',1116,,675,6,0,11,0
209,'1034296',909,,676,6,0,11,0
209,'1034297',1824,,677,6,0,11,0
209,'1034308',2038,,679,6,0,11,0
209,'1034325',1326,,682,6,0,11,0
209,'1034326',721,,683,6,0,11,0
209,'1034327',2012,,684,6,0,11,0
209,'1034343',1012,,685,6,0,11,0
209,'1034355',1616,,686,6,0,11,0
209,'1034369',1512,,689,6,0,11,0
209,'1034386',1244,,692,6,0,11,0
209,'1034395',627,,694,6,0,11,0
209,'1034414',1347,,696,6,0,11,0
209,'1034433',1800,,697,6,0,11,0
209,'1034477',1845,,700,6,0,11,0
