24000809,'1033971',1447,,980,1,,,0
24000809,'1033973',1337,,981,3,4,,0
24000809,'1033978',1544,,982,1,,,0
24000809,'1033980',1427,,983,3,4,,0
24000809,'1034003',1846,,984,3,4,,0
24000809,'1034030',1352,,985,1,,,0
24000809,'1034036',2011,,986,1,,,0
24000809,'1034037',1906,,987,1,,,0
24000809,'1034051',1017,,988,3,4,,0
24000809,'1034063',705,,989,1,,,0
24000809,'1034078',1624,,990,3,4,,0
24000809,'1034123',1659,,991,3,4,,0
24000809,'1034128',1524,,992,3,4,,0
24000809,'1034168',1122,,993,1,,,0
24000809,'1034238',805,,994,1,,,0
24000809,'1034252',1259,,995,3,4,,0
24000809,'1034259',757,,996,3,4,,0
24000809,'1034275',1951,,997,3,4,,0
24000809,'1034276',1027,,998,1,,,0
24000809,'1034277',1719,,999,1,,,0
24000809,'1034281',1159,,1000,3,4,,0
24000809,'1034283',1212,,1001,1,,,0
24000809,'1034286',927,,1002,1,,,0
24000809,'1034316',2048,,1003,3,4,,0
24000809,'1034345',1112,,1004,3,4,,0
24000809,'1034359',2237,,1005,3,4,,0
24000809,'1034383',1816,,1006,1,,,0
24000809,'1034384',657,,1007,3,4,,0
24000809,'1034388',1644,,1008,1,,,0
24000809,'1034423',2100,,1009,1,,,0
24000809,'1034435',917,,1010,3,4,,0
24000809,'1034440',1312,,1011,1,,,0
24000809,'1034452',1756,,1012,3,4,,0
24000809,'1034475',2240,,1013,1,,,0
