3000509,'1033957',1641,,870,11,0,17 18,0
3000509,'1033988',2300,,872,11,0,17 18,0
3000509,'1033996',2146,,873,11,0,17 18,0
3000509,'1033997',2109,,874,11,0,17 18,0
3000509,'1034038',1519,,877,11,0,17 18,0
3000509,'1034053',926,,878,11,0,17 18,0
3000509,'1034054',816,,879,11,0,17 18,0
3000509,'1034061',1438,,880,11,0,17 18,0
3000509,'1034077',741,,883,11,0,17 18,0
3000509,'1034091',1844,,884,11,0,17 18,0
3000509,'1034127',1157,,886,11,0,17 18,0
3000509,'1034138',2414,,887,11,0,17 18,0
3000509,'1034166',1722,,890,11,0,17 18,0
3000509,'1034167',2223,,891,11,0,17 18,0
3000509,'1034172',1600,,893,11,0,17 18,0
3000509,'1034173',1357,,894,11,0,17 18,0
3000509,'1034193',1803,,896,11,0,17 18,0
3000509,'1034198',633,,897,11,0,17 18,0
3000509,'1034200',707,,898,11,0,17 18,0
3000509,'1034204',1316,,900,11,0,17 18,0
3000509,'1034253',559,,903,8,0,17 18,0
3000509,'1034284',2032,,904,11,0,17 18,0
3000509,'1034333',1235,,906,11,0,17 18,0
3000509,'1034356',1117,,909,11,0,17 18,0
3000509,'1034375',2337,,911,11,0,17 18,0
3000509,'1034413',851,,917,11,0,17 18,0
3000509,'1034445',1006,,918,11,0,17 18,0
3000509,'1034464',1925,,920,11,0,17 18,0
