3000509,'1033957',1640,,870,10,0,17 18,0
3000509,'1033988',2259,,872,10,0,17 18,0
3000509,'1033996',2145,,873,10,0,17 18,0
3000509,'1033997',2108,,874,10,0,17 18,0
3000509,'1034038',1518,,877,10,0,17 18,0
3000509,'1034053',925,,878,10,0,17 18,0
3000509,'1034054',815,,879,10,0,17 18,0
3000509,'1034061',1437,,880,10,0,17 18,0
3000509,'1034077',740,,883,10,0,17 18,0
3000509,'1034091',1843,,884,10,0,17 18,0
3000509,'1034127',1156,,886,10,0,17 18,0
3000509,'1034138',2413,,887,10,0,17 18,0
3000509,'1034166',1721,,890,10,0,17 18,0
3000509,'1034167',2222,,891,10,0,17 18,0
3000509,'1034172',1559,,893,10,0,17 18,0
3000509,'1034173',1356,,894,10,0,17 18,0
3000509,'1034193',1802,,896,10,0,17 18,0
3000509,'1034198',632,,897,10,0,17 18,0
3000509,'1034200',706,,898,10,0,17 18,0
3000509,'1034204',1315,,900,10,0,17 18,0
3000509,'1034253',558,,903,7,0,17 18,0
3000509,'1034284',2031,,904,10,0,17 18,0
3000509,'1034333',1234,,906,10,0,17 18,0
3000509,'1034356',1116,,909,10,0,17 18,0
3000509,'1034375',2336,,911,10,0,17 18,0
3000509,'1034413',850,,917,10,0,17 18,0
3000509,'1034445',1005,,918,10,0,17 18,0
3000509,'1034464',1924,,920,10,0,17 18,0
