209,'1033960',1443,,617,12,4,,0
209,'1033961',1409,,618,1,,,0
209,'1033963',2221,,619,12,4,,0
209,'1033967',1659,,620,1,,,0
209,'1033968',1822,,621,1,,,0
209,'1033970',1319,,622,12,4,,0
209,'1033983',2251,,623,12,4,,0
209,'1033989',1940,,624,12,4,,0
209,'1033990',1734,,625,12,4,,0
209,'1033999',1513,,626,1,,,0
209,'1034004',1609,,627,12,4,,0
209,'1034006',1001,,628,1,,,0
209,'1034011',1534,,629,1,,,0
209,'1034028',826,,630,12,4,,0
209,'1034031',1327,,631,1,,,0
209,'1034034',1156,,632,12,4,,0
209,'1034044',2321,,633,12,4,,0
209,'1034048',2057,,634,1,,,0
209,'1034049',1225,,635,1,,,0
209,'1034064',856,,636,12,4,,0
209,'1034068',805,,637,1,,,0
209,'1034071',2327,,638,1,,,0
209,'1034081',1946,,639,1,,,0
209,'1034082',644,,640,1,,,0
209,'1034085',1032,,641,1,,,0
209,'1034087',929,,642,1,,,0
209,'1034097',2126,,643,1,,,0
209,'1034100',1720,,644,1,,,0
209,'1034113',2348,,645,1,,,0
209,'1034114',1742,,646,1,,,0
209,'1034115',1306,,647,1,,,0
209,'1034125',2157,,648,1,,,0
209,'1034131',2007,,649,1,,,0
209,'1034145',1217,,650,12,4,,0
209,'1034149',2345,,651,12,4,,0
209,'1034153',2254,,652,1,,,0
209,'1034155',902,,653,1,,,0
209,'1034157',1753,,654,12,4,,0
209,'1034162',738,,655,1,,,0
209,'1034163',1547,,656,12,4,,0
209,'1034164',1103,,657,12,4,,0
209,'1034175',1801,,658,1,,,0
209,'1034176',1245,,659,1,,,0
209,'1034186',832,,660,1,,,0
209,'1034195',1348,,661,1,,,0
209,'1034196',1712,,662,12,4,,0
209,'1034202',2001,,663,12,4,,0
209,'1034205',1651,,664,12,4,,0
209,'1034206',1430,,665,1,,,0
209,'1034216',1422,,666,12,4,,0
209,'1034218',759,,667,12,4,,0
209,'1034226',1919,,668,12,4,,0
209,'1034227',1237,,669,12,4,,0
209,'1034229',2031,,670,1,,,0
209,'1034230',1505,,671,12,4,,0
209,'1034273',2151,,672,12,4,,0
209,'1034278',2120,,673,12,4,,0
209,'1034285',955,,674,12,4,,0
209,'1034295',1130,,675,12,4,,0
209,'1034296',923,,676,12,4,,0
209,'1034297',1837,,677,12,4,,0
209,'1034302',1638,,678,1,,,0
209,'1034308',2051,,679,12,4,,0
209,'1034322',2227,,680,1,,,0
209,'1034324',1845,,681,1,,,0
209,'1034325',1340,,682,12,4,,0
209,'1034326',732,,683,12,4,,0
209,'1034327',2025,,684,12,4,,0
209,'1034343',1026,,685,12,4,,0
209,'1034355',1630,,686,12,4,,0
209,'1034357',1204,,687,1,,,0
209,'1034361',1138,,688,1,,,0
209,'1034369',1526,,689,12,4,,0
209,'1034374',1906,,690,1,,,0
209,'1034381',1555,,691,1,,,0
209,'1034386',1258,,692,12,4,,0
209,'1034389',1617,,693,1,,,0
209,'1034395',638,,694,12,4,,0
209,'1034400',1111,,695,1,,,0
209,'1034414',1401,,696,12,4,,0
209,'1034433',1814,,697,12,4,,0
209,'1034446',1927,,698,1,,,0
209,'1034461',1451,,699,1,,,0
209,'1034477',1858,,700,12,4,,0
