109,'1033958',2129,,511,5,0,19,0
109,'1033964',1605,,512,5,0,19,0
109,'1033965',1715,,513,5,0,19,0
109,'1033969',1825,,514,5,0,19,0
109,'1033974',1643,,515,5,0,19,0
109,'1033987',2221,,518,5,0,19,0
109,'1034024',700,,524,5,0,19,0
109,'1034043',2038,,528,5,0,19,0
109,'1034052',1621,,530,5,0,19,0
109,'1034065',1031,,532,5,0,19,0
109,'1034066',1501,,533,5,0,19,0
109,'1034088',1234,,535,5,0,19,0
109,'1034095',1133,,536,5,0,19,0
109,'1034096',1549,,537,5,0,19,0
109,'1034101',1429,,538,5,0,19,0
109,'1034105',1052,,539,5,0,19,0
109,'1034108',1413,,540,5,0,19,0
109,'1034112',1731,,542,5,0,19,0
109,'1034124',2006,,544,5,0,19,0
109,'1034134',514,,546,5,0,19,0
109,'1034139',2103,,547,5,0,19,0
109,'1034143',2313,,548,5,0,19,0
109,'1034171',607,,550,5,0,19,0
109,'1034179',1934,,551,5,0,19,0
109,'1034182',2022,,553,5,0,19,0
109,'1034191',1341,,555,5,0,19,0
109,'1034233',1218,,559,5,0,19,0
109,'1034234',634,,560,5,0,19,0
109,'1034249',946,,565,5,0,19,0
109,'1034250',1659,,566,5,0,19,0
109,'1034268',1148,,571,5,0,19,0
109,'1034282',822,,573,5,0,19,0
109,'1034288',1517,,574,5,0,19,0
109,'1034291',1809,,575,5,0,19,0
109,'1034303',2155,,578,5,0,19,0
109,'1034304',1009,,579,5,0,19,0
109,'1034311',2247,,581,5,0,19,0
109,'1034315',1445,,583,5,0,19,0
109,'1034328',1533,,585,5,0,19,0
109,'1034336',1841,,586,5,0,19,0
109,'1034340',900,,587,5,0,19,0
109,'1034342',1202,,588,5,0,19,0
109,'1034362',1325,,591,5,0,19,0
109,'1034363',729,,592,5,0,19,0
109,'1034364',755,,593,5,0,19,0
109,'1034379',1250,,597,5,0,19,0
109,'1034385',1857,,598,5,0,19,0
109,'1034391',921,,600,5,0,19,0
109,'1034394',1309,,601,5,0,19,0
109,'1034410',1117,,604,5,0,19,0
109,'1034415',1753,,605,5,0,19,0
109,'1034462',842,,611,5,0,19,0
109,'1034469',1357,,613,5,0,19,0
209,'1033960',1431,,617,7,0,11,0
209,'1033963',2210,,619,7,0,11,0
209,'1033970',1307,,622,7,0,11,0
209,'1033983',2240,,623,7,0,11,0
209,'1033989',1929,,624,7,0,11,0
209,'1033990',1722,,625,7,0,11,0
209,'1034004',1557,,627,7,0,11,0
209,'1034028',817,,630,7,0,11,0
209,'1034034',1144,,632,7,0,11,0
209,'1034044',2310,,633,7,0,11,0
209,'1034064',844,,636,7,0,11,0
209,'1034145',1205,,650,7,0,11,0
209,'1034149',2334,,651,7,0,11,0
209,'1034157',1741,,654,7,0,11,0
209,'1034163',1535,,656,7,0,11,0
209,'1034164',1051,,657,7,0,11,0
209,'1034196',1700,,662,7,0,11,0
209,'1034202',1950,,663,7,0,11,0
209,'1034205',1639,,664,7,0,11,0
209,'1034216',1410,,666,7,0,11,0
209,'1034218',750,,667,7,0,11,0
209,'1034226',1908,,668,7,0,11,0
209,'1034227',1225,,669,7,0,11,0
209,'1034230',1453,,671,7,0,11,0
209,'1034273',2140,,672,7,0,11,0
209,'1034278',2109,,673,7,0,11,0
209,'1034285',943,,674,7,0,11,0
209,'1034295',1118,,675,7,0,11,0
209,'1034296',911,,676,7,0,11,0
209,'1034297',1826,,677,7,0,11,0
209,'1034308',2040,,679,7,0,11,0
209,'1034325',1328,,682,7,0,11,0
209,'1034326',723,,683,7,0,11,0
209,'1034327',2014,,684,7,0,11,0
209,'1034343',1014,,685,7,0,11,0
209,'1034355',1618,,686,7,0,11,0
209,'1034369',1514,,689,7,0,11,0
209,'1034386',1246,,692,7,0,11,0
209,'1034395',629,,694,7,0,11,0
209,'1034414',1349,,696,7,0,11,0
209,'1034433',1802,,697,7,0,11,0
209,'1034477',1847,,700,7,0,11,0
