20000509,'1033993',1435,,927,10,,,0
20000509,'1034008',2335,,929,10,,,0
20000509,'1034016',2258,,930,10,,,0
20000509,'1034041',1156,,931,10,,,0
20000509,'1034055',1235,,932,10,,,0
20000509,'1034086',2025,,935,10,,,0
20000509,'1034093',706,,937,10,,,0
20000509,'1034122',1555,,940,10,,,0
20000509,'1034151',630,,943,10,,,0
20000509,'1034170',1915,,945,10,,,0
20000509,'1034187',2105,,946,10,,,0
20000509,'1034207',1355,,948,10,,,0
20000509,'1034217',818,,950,10,,,0
20000509,'1034224',1715,,951,10,,,0
20000509,'1034289',2412,,957,10,,,0
20000509,'1034293',1315,,958,10,,,0
20000509,'1034306',1755,,959,10,,,0
20000509,'1034314',1515,,960,10,,,0
20000509,'1034317',1008,,961,10,,,0
20000509,'1034331',742,,963,10,,,0
20000509,'1034353',1635,,966,10,,,0
20000509,'1034366',930,,968,10,,,0
20000509,'1034405',1117,,971,10,,,0
20000509,'1034409',2144,,972,10,,,0
20000509,'1034442',1835,,975,10,,,0
20000509,'1034450',854,,976,10,,,0
20000509,'1034457',2221,,978,10,,,0
