20000509,'1033977',1455,,925,12,0,9 10,0
20000509,'1033982',835,,926,12,0,9 10,0
20000509,'1033995',2125,,928,12,0,9 10,0
20000509,'1034075',949,,933,12,0,9 10,0
20000509,'1034079',1335,,934,12,0,9 10,0
20000509,'1034092',611,,936,12,0,9 10,0
20000509,'1034098',1535,,938,12,0,9 10,0
20000509,'1034119',1655,,939,12,0,9 10,0
20000509,'1034137',1216,,941,12,0,9 10,0
20000509,'1034150',1855,,942,12,0,9 10,0
20000509,'1034165',2045,,944,12,0,9 10,0
20000509,'1034203',1935,,947,12,0,9 10,0
20000509,'1034213',759,,949,12,0,9 10,0
20000509,'1034236',1028,,952,12,0,9 10,0
20000509,'1034256',723,,953,12,0,9 10,0
20000509,'1034264',1415,,954,12,0,9 10,0
20000509,'1034274',1137,,955,12,0,9 10,0
20000509,'1034279',1255,,956,12,0,9 10,0
20000509,'1034318',2318,,962,12,0,9 10,0
20000509,'1034341',647,,964,12,0,9 10,0
20000509,'1034344',2355,,965,12,0,9 10,0
20000509,'1034360',1615,,967,12,0,9 10,0
20000509,'1034392',1735,,969,12,0,9 10,0
20000509,'1034401',1815,,970,12,0,9 10,0
20000509,'1034412',2241,,973,12,0,9 10,0
20000509,'1034421',911,,974,12,0,9 10,0
20000509,'1034456',2204,,977,12,0,9 10,0
