20000509,'1033977',1442,,925,3,0,9 10,0
20000509,'1033982',823,,926,3,0,9 10,0
20000509,'1033995',2112,,928,3,0,9 10,0
20000509,'1034075',936,,933,3,0,9 10,0
20000509,'1034079',1322,,934,3,0,9 10,0
20000509,'1034092',559,,936,3,0,9 10,0
20000509,'1034098',1522,,938,3,0,9 10,0
20000509,'1034119',1642,,939,3,0,9 10,0
20000509,'1034137',1203,,941,3,0,9 10,0
20000509,'1034150',1842,,942,3,0,9 10,0
20000509,'1034165',2032,,944,3,0,9 10,0
20000509,'1034203',1922,,947,3,0,9 10,0
20000509,'1034213',747,,949,3,0,9 10,0
20000509,'1034236',1015,,952,3,0,9 10,0
20000509,'1034256',711,,953,3,0,9 10,0
20000509,'1034264',1402,,954,3,0,9 10,0
20000509,'1034274',1124,,955,3,0,9 10,0
20000509,'1034279',1242,,956,3,0,9 10,0
20000509,'1034318',2305,,962,3,0,9 10,0
20000509,'1034341',635,,964,3,0,9 10,0
20000509,'1034344',2342,,965,3,0,9 10,0
20000509,'1034360',1602,,967,3,0,9 10,0
20000509,'1034392',1722,,969,3,0,9 10,0
20000509,'1034401',1802,,970,3,0,9 10,0
20000509,'1034412',2228,,973,3,0,9 10,0
20000509,'1034421',859,,974,3,0,9 10,0
20000509,'1034456',2151,,977,3,0,9 10,0
