1209,'1032251',1517,,292,3,,,0
1209,'1032274',1037,,294,3,,,0
1209,'1032275',1150,,295,3,,,0
1209,'1032283',1630,,296,3,,,0
1209,'1032299',1659,,300,3,,,0
1209,'1032319',1121,,301,3,,,0
1209,'1032366',1546,,305,3,,,0
1209,'1032397',1910,,308,3,,,0
1209,'1032459',757,,313,3,,,0
1209,'1032461',841,,314,3,,,0
1209,'1032499',1219,,319,3,,,0
1209,'1032503',1728,,320,3,,,0
1209,'1032511',1447,,322,3,,,0
1209,'1032512',910,,323,3,,,0
1209,'1032522',1757,,324,3,,,0
1209,'1032527',1841,,325,3,,,0
1209,'1032534',1008,,326,3,,,0
1209,'1032544',939,,327,3,,,0
