609,'1033966',1951,,799,5,,,0
609,'1033975',1709,,800,5,,,0
609,'1033991',1524,,801,5,,,0
609,'1034022',1824,,802,5,0,22,0
609,'1034042',1304,,803,5,,,0
609,'1034050',1130,,804,5,0,22,0
609,'1034058',2025,,805,5,,,0
609,'1034059',1025,,806,5,0,22,0
609,'1034080',920,,807,5,0,22,0
609,'1034103',1714,,808,5,0,22,0
609,'1034116',1227,,809,5,,,0
609,'1034121',1419,,810,5,0,22,0
609,'1034133',1414,,811,5,,,0
609,'1034135',1449,,812,5,,,0
609,'1034142',1924,,813,5,,,0
609,'1034159',1339,,814,5,,,0
609,'1034161',1634,,815,5,,,0
609,'1034178',1744,,816,5,,,0
609,'1034185',2052,,817,5,,,0
609,'1034190',1529,,818,5,0,22,0
609,'1034211',1234,,819,5,0,22,0
609,'1034242',1749,,820,5,0,22,0
609,'1034246',1639,,821,5,0,22,0
609,'1034257',2025,,822,5,0,22,0
609,'1034267',1309,,823,5,0,22,0
609,'1034269',841,,824,5,,,0
609,'1034299',946,,825,5,,,0
609,'1034301',1051,,826,5,,,0
609,'1034309',1924,,827,5,0,22,0
609,'1034310',1100,,828,5,0,22,0
609,'1034312',1559,,829,5,,,0
609,'1034321',1126,,830,5,,,0
609,'1034330',1454,,831,5,0,22,0
609,'1034349',1344,,832,5,0,22,0
609,'1034354',1819,,833,5,,,0
609,'1034407',815,,834,5,0,22,0
609,'1034449',1604,,835,5,0,22,0
609,'1034458',1958,,836,5,0,22,0
609,'1034655',1449,,1067,5,,,0
609,'1034656',1524,,1068,5,,,0
609,'1034657',1100,,1069,6,0,22,0
609,'1034658',920,,1070,6,0,22,0
609,'1034659',815,,1071,6,0,22,0
609,'1034660',2052,,1072,5,,,0
609,'1034661',1924,,1073,5,,,0
609,'1034662',1559,,1074,5,,,0
609,'1034663',1709,,1075,5,,,0
609,'1034664',1025,,1076,6,0,22,0
609,'1034665',1639,,1077,6,0,22,0
609,'1034666',1604,,1078,6,0,22,0
609,'1034667',1344,,1079,6,0,22,0
609,'1034668',1309,,1080,6,0,22,0
609,'1034669',1744,,1081,5,,,0
609,'1034670',1714,,1082,6,0,22,0
609,'1034671',1130,,1083,6,0,22,0
609,'1034672',1819,,1084,5,,,0
609,'1034673',1454,,1085,6,0,22,0
609,'1034674',2025,,1086,5,,,0
609,'1034675',1227,,1087,5,,,0
609,'1034676',1958,,1088,6,0,22,0
609,'1034677',1414,,1089,5,,,0
609,'1034678',1304,,1090,5,,,0
609,'1034679',1529,,1091,6,0,22,0
609,'1034680',2025,,1092,6,0,22,0
609,'1034681',841,,1093,5,,,0
609,'1034682',1749,,1094,6,0,22,0
609,'1034683',1126,,1095,5,,,0
609,'1034684',1419,,1096,6,0,22,0
609,'1034685',1339,,1097,5,,,0
609,'1034686',1051,,1098,5,,,0
609,'1034687',1951,,1099,5,,,0
609,'1034688',1234,,1100,6,0,22,0
609,'1034689',1634,,1101,5,,,0
609,'1034690',1924,,1102,6,0,22,0
609,'1034691',1824,,1103,6,0,22,0
609,'1034692',946,,1104,5,,,0
