3000509,'1033957',1637,,870,7,0,17 18,0
3000509,'1033988',2257,,872,7,0,17 18,0
3000509,'1033996',2143,,873,7,0,17 18,0
3000509,'1033997',2106,,874,7,0,17 18,0
3000509,'1034038',1515,,877,7,0,17 18,0
3000509,'1034053',923,,878,7,0,17 18,0
3000509,'1034054',813,,879,7,0,17 18,0
3000509,'1034061',1434,,880,7,0,17 18,0
3000509,'1034077',738,,883,7,0,17 18,0
3000509,'1034091',1840,,884,7,0,17 18,0
3000509,'1034127',1153,,886,7,0,17 18,0
3000509,'1034138',2411,,887,7,0,17 18,0
3000509,'1034166',1718,,890,7,0,17 18,0
3000509,'1034167',2220,,891,7,0,17 18,0
3000509,'1034172',1556,,893,7,0,17 18,0
3000509,'1034173',1353,,894,7,0,17 18,0
3000509,'1034193',1759,,896,7,0,17 18,0
3000509,'1034198',630,,897,7,0,17 18,0
3000509,'1034200',704,,898,7,0,17 18,0
3000509,'1034204',1312,,900,7,0,17 18,0
3000509,'1034253',556,,903,4,0,17 18,0
3000509,'1034284',2029,,904,7,0,17 18,0
3000509,'1034333',1231,,906,7,0,17 18,0
3000509,'1034356',1113,,909,7,0,17 18,0
3000509,'1034375',2334,,911,7,0,17 18,0
3000509,'1034413',848,,917,7,0,17 18,0
3000509,'1034445',1002,,918,7,0,17 18,0
3000509,'1034464',1921,,920,7,0,17 18,0
