709,'1032821',1339,,488,2,0,12 20,0
709,'1032822',1635,,489,2,0,12 20,0
709,'1032823',1527,,490,2,0,12 20,0
709,'1032824',1453,,491,2,0,12 20,0
709,'1032825',1955,,492,2,0,12 20,0
709,'1032826',1151,,493,2,0,12 20,0
709,'1032827',831,,494,2,0,12 20,0
709,'1032828',1847,,495,2,0,12 20,0
709,'1032829',649,,496,2,0,12 20,0
709,'1032830',1743,,497,2,0,12 20,0
709,'1032831',1303,,498,2,0,12 20,0
709,'1032832',1418,,499,2,0,12 20,0
709,'1032833',1921,,500,2,0,12 20,0
709,'1032834',1047,,501,2,0,12 20,0
709,'1032835',1709,,502,2,0,12 20,0
709,'1032836',757,,503,2,0,12 20,0
709,'1032837',905,,504,2,0,12 20,0
709,'1032838',1013,,505,2,0,12 20,0
709,'1032839',939,,506,2,0,12 20,0
709,'1032840',1601,,507,2,0,12 20,0
709,'1032841',2029,,508,2,0,12 20,0
709,'1032842',723,,509,2,0,12 20,0
709,'1032843',1227,,510,2,0,12 20,0
