3000509,'1033957',1645,,870,15,4,,0
3000509,'1033976',2341,,871,1,,,0
3000509,'1033988',2304,,872,15,4,,0
3000509,'1033996',2150,,873,15,4,,0
3000509,'1033997',2113,,874,15,4,,0
3000509,'1034033',711,,875,1,,,0
3000509,'1034035',745,,876,1,,,0
3000509,'1034038',1523,,877,15,4,,0
3000509,'1034053',930,,878,15,4,,0
3000509,'1034054',820,,879,15,4,,0
3000509,'1034061',1442,,880,15,4,,0
3000509,'1034067',1401,,881,1,,,0
3000509,'1034076',637,,882,1,,,0
3000509,'1034077',745,,883,15,4,,0
3000509,'1034091',1848,,884,15,4,,0
3000509,'1034110',2113,,885,1,,,0
3000509,'1034127',1201,,886,15,4,,0
3000509,'1034148',1442,,888,1,,,0
3000509,'1034156',2304,,889,1,,,0
3000509,'1034166',1726,,890,15,4,,0
3000509,'1034167',2227,,891,15,4,,0
3000509,'1034169',855,,892,1,,,0
3000509,'1034172',1604,,893,15,4,,0
3000509,'1034173',1401,,894,15,4,,0
3000509,'1034184',2150,,895,1,,,0
3000509,'1034193',1807,,896,15,4,,0
3000509,'1034198',637,,897,15,4,,0
3000509,'1034200',711,,898,15,4,,0
3000509,'1034201',1807,,899,1,,,0
3000509,'1034204',1320,,900,15,4,,0
3000509,'1034225',1848,,901,1,,,0
3000509,'1034245',1726,,902,1,,,0
3000509,'1034253',603,,903,12,4,,0
3000509,'1034284',2036,,904,15,4,,0
3000509,'1034287',930,,905,1,,,0
3000509,'1034333',1239,,906,15,4,,0
3000509,'1034350',2227,,907,1,,,0
3000509,'1034352',603,,908,1,,,0
3000509,'1034356',1121,,909,15,4,,0
3000509,'1034367',2036,,910,1,,,0
3000509,'1034375',2341,,911,15,4,,0
3000509,'1034377',1645,,912,1,,,0
3000509,'1034390',1010,,913,1,,,0
3000509,'1034399',1320,,914,1,,,0
3000509,'1034403',1523,,915,1,,,0
3000509,'1034404',1121,,916,1,,,0
3000509,'1034413',855,,917,15,4,,0
3000509,'1034445',1010,,918,15,4,,0
3000509,'1034447',1201,,919,1,,,0
3000509,'1034464',1929,,920,15,4,,0
3000509,'1034470',1929,,921,1,,,0
3000509,'1034471',1604,,922,1,,,0
3000509,'1034472',1239,,923,1,,,0
3000509,'1034480',820,,924,1,,,0
