209,'1032034',1702,,77,1,0,11,0
209,'1032043',1126,,78,1,0,11,0
209,'1032044',1150,,79,1,0,11,0
209,'1032047',1438,,80,1,0,11,0
209,'1032050',944,,81,1,0,11,0
209,'1032051',1923,,82,1,0,11,0
209,'1032057',2202,,83,1,0,11,0
209,'1032059',1638,,84,1,0,11,0
209,'1032063',725,,85,1,0,11,0
209,'1032075',2305,,86,1,0,11,0
209,'1032077',2038,,87,1,0,11,0
209,'1032080',2017,,88,1,0,11,0
209,'1032088',1838,,89,1,0,11,0
209,'1032090',856,,90,1,0,11,0
209,'1032092',2120,,91,1,0,11,0
209,'1032094',1526,,92,1,0,11,0
209,'1032096',920,,93,1,0,11,0
209,'1032107',2059,,94,1,0,11,0
209,'1032110',1350,,95,1,0,11,0
209,'1032111',832,,96,1,0,11,0
209,'1032115',2141,,97,1,0,11,0
209,'1032124',701,,98,1,0,11,0
209,'1032125',1502,,99,1,0,11,0
209,'1032127',1326,,100,1,0,11,0
209,'1032134',1214,,101,1,0,11,0
209,'1032138',1750,,102,1,0,11,0
209,'1032141',1726,,103,1,0,11,0
209,'1032150',1814,,104,1,0,11,0
209,'1032154',747,,105,1,0,11,0
209,'1032166',1902,,106,1,0,11,0
209,'1032171',810,,107,1,0,11,0
209,'1032174',2223,,108,1,0,11,0
209,'1032176',2244,,109,1,0,11,0
209,'1032178',1614,,110,1,0,11,0
209,'1032180',1414,,111,1,0,11,0
209,'1032182',1550,,112,1,0,11,0
209,'1032188',1038,,113,1,0,11,0
209,'1032190',1102,,114,1,0,11,0
209,'1032191',1302,,115,1,0,11,0
209,'1032197',615,,116,1,0,11,0
209,'1032199',1238,,117,1,0,11,0
209,'1032555',912,,118,10,4,,0
209,'1032556',850,,119,10,4,,0
209,'1032557',1254,,120,10,4,,0
209,'1032560',2321,,121,10,4,,0
209,'1032561',1654,,122,10,4,,0
209,'1032562',2115,,123,10,4,,0
209,'1032565',1318,,124,10,4,,0
209,'1032567',1118,,125,10,4,,0
209,'1032569',2339,,126,10,4,,0
209,'1032570',2136,,127,10,4,,0
209,'1032574',1430,,128,10,4,,0
209,'1032575',1939,,129,10,4,,0
209,'1032577',824,,130,10,4,,0
209,'1032578',1454,,131,10,4,,0
209,'1032579',1915,,132,10,4,,0
209,'1032580',1542,,133,10,4,,0
209,'1032581',653,,134,10,4,,0
209,'1032586',1024,,135,10,4,,0
209,'1032587',1606,,136,10,4,,0
209,'1032588',739,,137,10,4,,0
209,'1032593',1230,,138,10,4,,0
209,'1032594',1142,,139,10,4,,0
209,'1032596',2054,,140,10,4,,0
209,'1032597',1854,,141,10,4,,0
209,'1032598',1718,,142,10,4,,0
209,'1032599',1742,,143,10,4,,0
209,'1032600',1806,,144,10,4,,0
209,'1032602',2239,,145,10,4,,0
209,'1032603',2300,,146,10,4,,0
209,'1032604',2157,,147,10,4,,0
209,'1032605',1342,,148,10,4,,0
209,'1032607',2218,,149,10,4,,0
209,'1032608',1518,,150,10,4,,0
209,'1032609',1830,,151,10,4,,0
209,'1032610',1000,,152,10,4,,0
209,'1032611',2000,,153,10,4,,0
209,'1032612',1630,,154,10,4,,0
209,'1032614',1206,,155,10,4,,0
209,'1032615',936,,156,10,4,,0
209,'1032616',802,,157,10,4,,0
209,'1032617',1406,,158,10,4,,0
