3000509,'1032211',634,,328,12,0,17 18,0
3000509,'1032214',2110,,329,12,0,17 18,0
3000509,'1032217',742,,330,12,0,17 18,0
3000509,'1032234',1358,,333,12,0,17 18,0
3000509,'1032249',1804,,334,12,0,17 18,0
3000509,'1032250',1642,,335,12,0,17 18,0
3000509,'1032263',1601,,338,12,0,17 18,0
3000509,'1032285',2338,,339,12,0,17 18,0
3000509,'1032286',1007,,340,12,0,17 18,0
3000509,'1032310',1236,,342,12,0,17 18,0
3000509,'1032329',1520,,347,12,0,17 18,0
3000509,'1032338',1317,,349,12,0,17 18,0
3000509,'1032370',2415,,353,12,0,17 18,0
3000509,'1032382',1158,,355,12,0,17 18,0
3000509,'1032406',927,,358,12,0,17 18,0
3000509,'1032409',2224,,359,12,0,17 18,0
3000509,'1032442',600,,362,9,0,17 18,0
3000509,'1032445',2301,,363,12,0,17 18,0
3000509,'1032448',852,,364,12,0,17 18,0
3000509,'1032465',708,,365,12,0,17 18,0
3000509,'1032466',1845,,366,12,0,17 18,0
3000509,'1032479',817,,367,12,0,17 18,0
3000509,'1032483',1723,,369,12,0,17 18,0
3000509,'1032497',1926,,373,12,0,17 18,0
3000509,'1032526',1439,,377,12,0,17 18,0
3000509,'1032536',1118,,379,12,0,17 18,0
3000509,'1032539',2147,,381,12,0,17 18,0
3000509,'1032542',2033,,382,12,0,17 18,0
