109,'1032216',910,,2,5,,,0
109,'1032223',719,,3,5,0,7 8,0
109,'1032230',1700,,5,5,0,7 8,0
109,'1032231',1851,,6,5,,,0
109,'1032239',628,,7,5,0,7 8,0
109,'1032273',2101,,10,5,,,0
109,'1032281',2123,,13,5,,,0
109,'1032302',1456,,17,5,,,0
109,'1032304',1309,,18,5,0,7 8,0
109,'1032306',2257,,19,5,,,0
109,'1032309',1830,,21,5,,,0
109,'1032333',842,,25,5,,,0
109,'1032334',2005,,26,5,,,0
109,'1032336',1425,,27,5,,,0
109,'1032343',1543,,29,5,0,7 8,0
109,'1032347',1735,,30,5,0,7 8,0
109,'1032358',1240,,31,5,0,7 8,0
109,'1032373',2211,,34,5,,,0
109,'1032385',1216,,35,5,,,0
109,'1032398',1055,,37,5,,,0
109,'1032415',1147,,39,5,,,0
109,'1032418',1404,,41,5,,,0
109,'1032424',2323,,43,5,,,0
109,'1032437',742,,45,5,0,7 8,0
109,'1032449',541,,47,5,0,7 8,0
109,'1032450',1941,,48,5,,,0
109,'1032451',1756,,49,5,0,7 8,0
109,'1032474',1639,,53,5,0,7 8,0
109,'1032475',810,,54,5,0,7 8,0
109,'1032487',1032,,58,5,,,0
109,'1032502',1124,,64,5,,,0
109,'1032518',2149,,67,5,,,0
109,'1032519',1517,,68,5,,,0
109,'1032520',933,,69,5,,,0
109,'1032525',1335,,71,5,,,0
109,'1032528',1915,,72,5,,,0
109,'1032529',1604,,73,5,0,7 8,0
109,'1032531',2237,,74,5,,,0
209,'1032555',857,,118,3,,,0
209,'1032556',835,,119,3,,,0
209,'1032557',1239,,120,3,,,0
209,'1032560',2308,,121,3,,,0
209,'1032561',1639,,122,3,,,0
209,'1032562',2102,,123,3,,,0
209,'1032565',1303,,124,3,,,0
209,'1032567',1103,,125,3,,,0
209,'1032569',2326,,126,3,,,0
209,'1032570',2123,,127,3,,,0
209,'1032574',1415,,128,3,,,0
209,'1032575',1926,,129,3,,,0
209,'1032577',811,,130,3,,,0
209,'1032578',1439,,131,3,,,0
209,'1032579',1902,,132,3,,,0
209,'1032580',1527,,133,3,,,0
209,'1032581',640,,134,3,,,0
209,'1032586',1009,,135,3,,,0
209,'1032587',1551,,136,3,,,0
209,'1032588',726,,137,3,,,0
209,'1032593',1215,,138,3,,,0
209,'1032594',1127,,139,3,,,0
209,'1032596',2041,,140,3,,,0
209,'1032597',1839,,141,3,,,0
209,'1032598',1703,,142,3,,,0
209,'1032599',1727,,143,3,,,0
209,'1032600',1751,,144,3,,,0
209,'1032602',2226,,145,3,,,0
209,'1032603',2247,,146,3,,,0
209,'1032604',2144,,147,3,,,0
209,'1032605',1327,,148,3,,,0
209,'1032607',2205,,149,3,,,0
209,'1032608',1503,,150,3,,,0
209,'1032609',1815,,151,3,,,0
209,'1032610',945,,152,3,,,0
209,'1032611',1947,,153,3,,,0
209,'1032612',1615,,154,3,,,0
209,'1032614',1151,,155,3,,,0
209,'1032615',921,,156,3,,,0
209,'1032616',749,,157,3,,,0
209,'1032617',1351,,158,3,,,0
