20000509,'1032210',908,,384,10,0,9 10,0
20000509,'1032212',1213,,385,10,0,9 10,0
20000509,'1032237',2122,,390,10,0,9 10,0
20000509,'1032246',2352,,393,10,0,9 10,0
20000509,'1032252',1532,,394,10,0,9 10,0
20000509,'1032255',2201,,395,10,0,9 10,0
20000509,'1032261',1852,,397,10,0,9 10,0
20000509,'1032268',644,,398,10,0,9 10,0
20000509,'1032278',1025,,401,10,0,9 10,0
20000509,'1032279',1332,,402,10,0,9 10,0
20000509,'1032282',1652,,403,10,0,9 10,0
20000509,'1032300',1732,,405,10,0,9 10,0
20000509,'1032307',1412,,406,10,0,9 10,0
20000509,'1032312',946,,407,10,0,9 10,0
20000509,'1032317',832,,409,10,0,9 10,0
20000509,'1032331',1452,,411,10,0,9 10,0
20000509,'1032357',1932,,415,10,0,9 10,0
20000509,'1032362',608,,416,10,0,9 10,0
20000509,'1032375',1134,,418,10,0,9 10,0
20000509,'1032389',756,,420,10,0,9 10,0
20000509,'1032395',720,,422,10,0,9 10,0
20000509,'1032438',1252,,426,10,0,9 10,0
20000509,'1032447',2042,,428,10,0,9 10,0
20000509,'1032457',1612,,429,10,0,9 10,0
20000509,'1032458',2238,,430,10,0,9 10,0
20000509,'1032460',2315,,431,10,0,9 10,0
20000509,'1032521',1812,,436,10,0,9 10,0
