109,'1033958',2127,,511,3,0,19,0
109,'1033964',1603,,512,3,0,19,0
109,'1033965',1713,,513,3,0,19,0
109,'1033969',1823,,514,3,0,19,0
109,'1033974',1641,,515,3,0,19,0
109,'1033987',2219,,518,3,0,19,0
109,'1034024',658,,524,3,0,19,0
109,'1034043',2036,,528,3,0,19,0
109,'1034052',1619,,530,3,0,19,0
109,'1034065',1029,,532,3,0,19,0
109,'1034066',1459,,533,3,0,19,0
109,'1034088',1232,,535,3,0,19,0
109,'1034095',1131,,536,3,0,19,0
109,'1034096',1547,,537,3,0,19,0
109,'1034101',1427,,538,3,0,19,0
109,'1034105',1050,,539,3,0,19,0
109,'1034108',1411,,540,3,0,19,0
109,'1034112',1729,,542,3,0,19,0
109,'1034124',2004,,544,3,0,19,0
109,'1034134',512,,546,3,0,19,0
109,'1034139',2101,,547,3,0,19,0
109,'1034143',2311,,548,3,0,19,0
109,'1034171',605,,550,3,0,19,0
109,'1034179',1932,,551,3,0,19,0
109,'1034182',2020,,553,3,0,19,0
109,'1034191',1339,,555,3,0,19,0
109,'1034233',1216,,559,3,0,19,0
109,'1034234',632,,560,3,0,19,0
109,'1034249',944,,565,3,0,19,0
109,'1034250',1657,,566,3,0,19,0
109,'1034268',1146,,571,3,0,19,0
109,'1034282',820,,573,3,0,19,0
109,'1034288',1515,,574,3,0,19,0
109,'1034291',1807,,575,3,0,19,0
109,'1034303',2153,,578,3,0,19,0
109,'1034304',1007,,579,3,0,19,0
109,'1034311',2245,,581,3,0,19,0
109,'1034315',1443,,583,3,0,19,0
109,'1034328',1531,,585,3,0,19,0
109,'1034336',1839,,586,3,0,19,0
109,'1034340',858,,587,3,0,19,0
109,'1034342',1200,,588,3,0,19,0
109,'1034362',1323,,591,3,0,19,0
109,'1034363',727,,592,3,0,19,0
109,'1034364',753,,593,3,0,19,0
109,'1034379',1248,,597,3,0,19,0
109,'1034385',1855,,598,3,0,19,0
109,'1034391',919,,600,3,0,19,0
109,'1034394',1307,,601,3,0,19,0
109,'1034410',1115,,604,3,0,19,0
109,'1034415',1751,,605,3,0,19,0
109,'1034462',840,,611,3,0,19,0
109,'1034469',1355,,613,3,0,19,0
