1209,'1032257',816,,293,5,0,5 6,0
1209,'1032287',1900,,297,5,0,5 6,0
1209,'1032288',929,,298,5,0,5 6,0
1209,'1032289',1649,,299,5,0,5 6,0
1209,'1032321',747,,302,5,0,5 6,0
1209,'1032339',1718,,303,5,0,5 6,0
1209,'1032356',1536,,304,5,0,5 6,0
1209,'1032379',1831,,306,5,0,5 6,0
1209,'1032381',1111,,307,5,0,5 6,0
1209,'1032417',1605,,309,5,0,5 6,0
1209,'1032432',1027,,310,5,0,5 6,0
1209,'1032441',900,,311,5,0,5 6,0
1209,'1032443',1747,,312,5,0,5 6,0
1209,'1032462',1437,,315,5,0,5 6,0
1209,'1032463',1507,,316,5,0,5 6,0
1209,'1032468',1209,,317,5,0,5 6,0
1209,'1032471',1140,,318,5,0,5 6,0
1209,'1032509',958,,321,5,0,5 6,0
