309,'1033972',2227,,702,4,0,9,0
309,'1034000',837,,704,4,0,9,0
309,'1034001',618,,705,4,0,9,0
309,'1034002',1414,,706,4,0,9,0
309,'1034013',948,,709,4,0,9,0
309,'1034021',641,,712,4,0,9,0
309,'1034023',1526,,713,4,0,9,0
309,'1034026',1328,,714,4,0,9,0
309,'1034057',1944,,717,4,0,9,0
309,'1034072',2007,,719,4,0,9,0
309,'1034083',1832,,721,4,0,9,0
309,'1034130',2118,,725,4,0,9,0
309,'1034141',1744,,726,4,0,9,0
309,'1034174',1612,,729,4,0,9,0
309,'1034199',2054,,732,4,0,9,0
309,'1034208',1022,,733,4,0,9,0
309,'1034223',726,,736,4,0,9,0
309,'1034231',703,,737,4,0,9,0
309,'1034240',555,,740,4,0,9,0
309,'1034266',1807,,744,4,0,9,0
309,'1034271',1502,,745,4,0,9,0
309,'1034272',814,,746,4,0,9,0
309,'1034294',1305,,747,4,0,9,0
309,'1034323',1440,,748,4,0,9,0
309,'1034329',1130,,749,4,0,9,0
309,'1034332',1721,,750,4,0,9,0
309,'1034334',1102,,751,4,0,9,0
309,'1034337',901,,752,4,0,9,0
309,'1034338',925,,753,4,0,9,0
309,'1034365',2334,,757,4,0,9,0
309,'1034398',750,,761,4,0,9,0
309,'1034418',1658,,762,4,0,9,0
309,'1034419',1856,,763,4,0,9,0
309,'1034420',1241,,764,4,0,9,0
309,'1034426',1216,,767,4,0,9,0
309,'1034431',1156,,770,4,0,9,0
309,'1034448',1350,,773,4,0,9,0
309,'1034455',1548,,774,4,0,9,0
309,'1034463',1635,,775,4,0,9,0
