109,'1033981',2324,,516,9,,,0
109,'1033986',2259,,517,9,,,0
109,'1034005',2207,,519,9,,,0
109,'1034007',707,,520,9,0,7 8,0
109,'1034015',1413,,521,9,,,0
109,'1034017',1204,,522,9,,,0
109,'1034018',733,,523,9,0,7 8,0
109,'1034027',640,,525,9,0,7 8,0
109,'1034039',1850,,526,9,,,0
109,'1034040',1709,,527,9,0,7 8,0
109,'1034045',1321,,529,9,,,0
109,'1034060',1305,,531,9,0,7 8,0
109,'1034069',1008,,534,9,,,0
109,'1034111',1533,,541,9,,,0
109,'1034117',1033,,543,9,,,0
109,'1034132',1501,,545,9,,,0
109,'1034144',2116,,549,9,,,0
109,'1034180',1906,,552,9,,,0
109,'1034183',1731,,554,9,0,7 8,0
109,'1034209',2012,,556,9,,,0
109,'1034212',1922,,557,9,,,0
109,'1034214',1429,,558,9,,,0
109,'1034239',1621,,561,9,0,7 8,0
109,'1034241',1653,,562,9,0,7 8,0
109,'1034243',1445,,563,9,,,0
109,'1034248',828,,564,9,0,7 8,0
109,'1034251',2233,,567,9,,,0
109,'1034261',1056,,568,9,,,0
109,'1034262',907,,569,9,,,0
109,'1034265',1139,,570,9,,,0
109,'1034280',1220,,572,9,,,0
109,'1034292',1118,,576,9,,,0
109,'1034300',547,,577,9,0,7 8,0
109,'1034307',1819,,580,9,0,7 8,0
109,'1034313',1517,,582,9,,,0
109,'1034319',1357,,584,9,,,0
109,'1034346',2100,,589,9,,,0
109,'1034358',947,,590,9,,,0
109,'1034368',2044,,594,9,,,0
109,'1034371',1747,,595,9,0,7 8,0
109,'1034378',1605,,596,9,,,0
109,'1034387',1803,,599,9,0,7 8,0
109,'1034396',1337,,602,9,,,0
109,'1034402',2351,,603,9,,,0
109,'1034416',1235,,606,9,,,0
109,'1034417',2141,,607,9,,,0
109,'1034430',927,,608,9,,,0
109,'1034434',1938,,609,9,,,0
109,'1034444',802,,610,9,0,7 8,0
109,'1034465',1549,,612,9,,,0
109,'1034476',1249,,614,9,0,7 8,0
109,'1034478',1834,,615,9,,,0
109,'1034479',1637,,616,9,0,7 8,0
