3000509,'1033957',1636,,870,6,0,17 18,0
3000509,'1033988',2256,,872,6,0,17 18,0
3000509,'1033996',2142,,873,6,0,17 18,0
3000509,'1033997',2105,,874,6,0,17 18,0
3000509,'1034038',1514,,877,6,0,17 18,0
3000509,'1034053',922,,878,6,0,17 18,0
3000509,'1034054',812,,879,6,0,17 18,0
3000509,'1034061',1433,,880,6,0,17 18,0
3000509,'1034077',737,,883,6,0,17 18,0
3000509,'1034091',1839,,884,6,0,17 18,0
3000509,'1034127',1152,,886,6,0,17 18,0
3000509,'1034138',2410,,887,6,0,17 18,0
3000509,'1034166',1717,,890,6,0,17 18,0
3000509,'1034167',2219,,891,6,0,17 18,0
3000509,'1034172',1555,,893,6,0,17 18,0
3000509,'1034173',1352,,894,6,0,17 18,0
3000509,'1034193',1758,,896,6,0,17 18,0
3000509,'1034198',629,,897,6,0,17 18,0
3000509,'1034200',703,,898,6,0,17 18,0
3000509,'1034204',1311,,900,6,0,17 18,0
3000509,'1034253',555,,903,3,0,17 18,0
3000509,'1034284',2028,,904,6,0,17 18,0
3000509,'1034333',1230,,906,6,0,17 18,0
3000509,'1034356',1112,,909,6,0,17 18,0
3000509,'1034375',2333,,911,6,0,17 18,0
3000509,'1034413',847,,917,6,0,17 18,0
3000509,'1034445',1001,,918,6,0,17 18,0
3000509,'1034464',1920,,920,6,0,17 18,0
