709,'1032744',851,,237,3,,,0
709,'1032753',2049,,240,3,,,0
709,'1032758',1212,,243,3,,,0
709,'1032762',1941,,245,3,,,0
709,'1032763',1729,,246,3,,,0
709,'1032767',1137,,249,3,,,0
709,'1032769',1324,,250,3,,,0
709,'1032771',1547,,252,3,,,0
709,'1032772',1655,,253,3,,,0
709,'1032774',2015,,255,3,,,0
709,'1032775',1907,,256,3,,,0
709,'1032779',817,,258,3,,,0
709,'1032780',959,,259,3,,,0
709,'1032785',1621,,261,3,,,0
709,'1032788',1513,,263,3,,,0
709,'1032794',1439,,266,3,,,0
709,'1032797',925,,268,3,,,0
709,'1032805',1400,,274,3,,,0
709,'1032808',1033,,276,3,,,0
709,'1032811',743,,278,3,,,0
709,'1032812',1248,,279,3,,,0
709,'1032815',709,,282,3,,,0
709,'1032818',1833,,283,3,,,0
