609,'1033966',2000,,799,6,,,0
609,'1033975',1718,,800,6,,,0
609,'1033991',1533,,801,6,,,0
609,'1034042',1313,,803,6,,,0
609,'1034058',2034,,805,6,,,0
609,'1034116',1236,,809,6,,,0
609,'1034133',1423,,811,6,,,0
609,'1034135',1458,,812,6,,,0
609,'1034142',1933,,813,6,,,0
609,'1034159',1348,,814,6,,,0
609,'1034161',1643,,815,6,,,0
609,'1034178',1753,,816,6,,,0
609,'1034185',2101,,817,6,,,0
609,'1034269',850,,824,6,,,0
609,'1034299',955,,825,6,,,0
609,'1034301',1100,,826,6,,,0
609,'1034312',1608,,829,6,,,0
609,'1034321',1135,,830,6,,,0
609,'1034354',1828,,833,6,,,0
609,'1034655',1458,,1067,7,,,0
609,'1034656',1533,,1068,7,,,0
609,'1034660',2101,,1072,7,,,0
609,'1034661',1933,,1073,7,,,0
609,'1034662',1608,,1074,7,,,0
609,'1034663',1718,,1075,7,,,0
609,'1034669',1753,,1081,7,,,0
609,'1034672',1828,,1084,7,,,0
609,'1034674',2034,,1086,7,,,0
609,'1034675',1236,,1087,7,,,0
609,'1034677',1423,,1089,7,,,0
609,'1034678',1313,,1090,7,,,0
609,'1034681',850,,1093,7,,,0
609,'1034683',1135,,1095,7,,,0
609,'1034685',1348,,1097,7,,,0
609,'1034686',1100,,1098,7,,,0
609,'1034687',2000,,1099,7,,,0
609,'1034689',1643,,1101,7,,,0
609,'1034692',955,,1104,7,,,0
