1209,'1033998',1214,,851,6,0,23,0
1209,'1034029',1557,,852,6,0,23,0
1209,'1034109',832,,854,6,0,23,0
1209,'1034152',1807,,856,6,0,23,0
1209,'1034290',1318,,860,6,0,23,0
1209,'1034406',936,,862,6,0,23,0
1209,'1034408',1040,,863,6,0,23,0
1209,'1034425',1702,,865,6,0,23,0
1209,'1034428',1422,,866,6,0,23,0
20000509,'1033977',1449,,925,8,0,9 10,0
20000509,'1033982',830,,926,8,0,9 10,0
20000509,'1033995',2119,,928,8,0,9 10,0
20000509,'1034075',943,,933,8,0,9 10,0
20000509,'1034079',1329,,934,8,0,9 10,0
20000509,'1034092',606,,936,8,0,9 10,0
20000509,'1034098',1529,,938,8,0,9 10,0
20000509,'1034119',1649,,939,8,0,9 10,0
20000509,'1034137',1210,,941,8,0,9 10,0
20000509,'1034150',1849,,942,8,0,9 10,0
20000509,'1034165',2039,,944,8,0,9 10,0
20000509,'1034203',1929,,947,8,0,9 10,0
20000509,'1034213',754,,949,8,0,9 10,0
20000509,'1034236',1022,,952,8,0,9 10,0
20000509,'1034256',718,,953,8,0,9 10,0
20000509,'1034264',1409,,954,8,0,9 10,0
20000509,'1034274',1131,,955,8,0,9 10,0
20000509,'1034279',1249,,956,8,0,9 10,0
20000509,'1034318',2312,,962,8,0,9 10,0
20000509,'1034341',642,,964,8,0,9 10,0
20000509,'1034344',2349,,965,8,0,9 10,0
20000509,'1034360',1609,,967,8,0,9 10,0
20000509,'1034392',1729,,969,8,0,9 10,0
20000509,'1034401',1809,,970,8,0,9 10,0
20000509,'1034412',2235,,973,8,0,9 10,0
20000509,'1034421',906,,974,8,0,9 10,0
20000509,'1034456',2158,,977,8,0,9 10,0
