20000509,'1033977',1447,,925,5,0,9 10,0
20000509,'1033982',828,,926,5,0,9 10,0
20000509,'1033995',2117,,928,5,0,9 10,0
20000509,'1034075',941,,933,5,0,9 10,0
20000509,'1034079',1327,,934,5,0,9 10,0
20000509,'1034092',604,,936,5,0,9 10,0
20000509,'1034098',1527,,938,5,0,9 10,0
20000509,'1034119',1647,,939,5,0,9 10,0
20000509,'1034137',1208,,941,5,0,9 10,0
20000509,'1034150',1847,,942,5,0,9 10,0
20000509,'1034165',2037,,944,5,0,9 10,0
20000509,'1034203',1927,,947,5,0,9 10,0
20000509,'1034213',752,,949,5,0,9 10,0
20000509,'1034236',1020,,952,5,0,9 10,0
20000509,'1034256',716,,953,5,0,9 10,0
20000509,'1034264',1407,,954,5,0,9 10,0
20000509,'1034274',1129,,955,5,0,9 10,0
20000509,'1034279',1247,,956,5,0,9 10,0
20000509,'1034318',2310,,962,5,0,9 10,0
20000509,'1034341',640,,964,5,0,9 10,0
20000509,'1034344',2347,,965,5,0,9 10,0
20000509,'1034360',1607,,967,5,0,9 10,0
20000509,'1034392',1727,,969,5,0,9 10,0
20000509,'1034401',1807,,970,5,0,9 10,0
20000509,'1034412',2233,,973,5,0,9 10,0
20000509,'1034421',904,,974,5,0,9 10,0
20000509,'1034456',2156,,977,5,0,9 10,0
