309,'1033972',2244,,702,8,0,9,0
309,'1034000',854,,704,8,0,9,0
309,'1034001',635,,705,8,0,9,0
309,'1034002',1431,,706,8,0,9,0
309,'1034013',1005,,709,8,0,9,0
309,'1034021',658,,712,8,0,9,0
309,'1034023',1544,,713,8,0,9,0
309,'1034026',1345,,714,8,0,9,0
309,'1034057',2001,,717,8,0,9,0
309,'1034072',2024,,719,8,0,9,0
309,'1034083',1849,,721,8,0,9,0
309,'1034130',2135,,725,8,0,9,0
309,'1034141',1801,,726,8,0,9,0
309,'1034174',1630,,729,8,0,9,0
309,'1034199',2111,,732,8,0,9,0
309,'1034208',1039,,733,8,0,9,0
309,'1034223',743,,736,8,0,9,0
309,'1034231',720,,737,8,0,9,0
309,'1034240',612,,740,8,0,9,0
309,'1034266',1824,,744,8,0,9,0
309,'1034271',1520,,745,8,0,9,0
309,'1034272',831,,746,8,0,9,0
309,'1034294',1322,,747,8,0,9,0
309,'1034323',1458,,748,8,0,9,0
309,'1034329',1147,,749,8,0,9,0
309,'1034332',1738,,750,8,0,9,0
309,'1034334',1119,,751,8,0,9,0
309,'1034337',918,,752,8,0,9,0
309,'1034338',942,,753,8,0,9,0
309,'1034365',2351,,757,8,0,9,0
309,'1034398',807,,761,8,0,9,0
309,'1034418',1716,,762,8,0,9,0
309,'1034419',1913,,763,8,0,9,0
309,'1034420',1258,,764,8,0,9,0
309,'1034426',1233,,767,8,0,9,0
309,'1034431',1213,,770,8,0,9,0
309,'1034448',1407,,773,8,0,9,0
309,'1034455',1606,,774,8,0,9,0
309,'1034463',1653,,775,8,0,9,0
1209,'1033998',1240,,851,18,0,23,0
1209,'1034029',1624,,852,18,0,23,0
1209,'1034109',858,,854,18,0,23,0
1209,'1034290',1344,,860,18,0,23,0
1209,'1034406',1002,,862,18,0,23,0
1209,'1034408',1106,,863,18,0,23,0
1209,'1034425',1729,,865,18,0,23,0
1209,'1034428',1449,,866,18,0,23,0
1209,'1034441',754,,868,7,0,23,0
3000509,'1033976',2353,,871,10,,,0
3000509,'1034033',723,,875,10,,,0
3000509,'1034035',757,,876,10,,,0
3000509,'1034067',1414,,881,10,,,0
3000509,'1034076',649,,882,10,,,0
3000509,'1034110',2125,,885,10,,,0
3000509,'1034148',1455,,888,10,,,0
3000509,'1034156',2316,,889,10,,,0
3000509,'1034169',907,,892,10,,,0
3000509,'1034184',2202,,895,10,,,0
3000509,'1034201',1820,,899,10,,,0
3000509,'1034225',1901,,901,10,,,0
3000509,'1034245',1739,,902,10,,,0
3000509,'1034287',943,,905,10,,,0
3000509,'1034350',2239,,907,10,,,0
3000509,'1034352',615,,908,10,,,0
3000509,'1034367',2048,,910,10,,,0
3000509,'1034377',1658,,912,10,,,0
3000509,'1034390',1023,,913,10,,,0
3000509,'1034399',1333,,914,10,,,0
3000509,'1034403',1536,,915,10,,,0
3000509,'1034404',1134,,916,10,,,0
3000509,'1034447',1214,,919,10,,,0
3000509,'1034470',1941,,921,10,,,0
3000509,'1034471',1617,,922,10,,,0
3000509,'1034472',1252,,923,10,,,0
3000509,'1034480',832,,924,10,,,0
