24000809,'1032558',1227,,466,1,,,0
24000809,'1032559',952,,467,3,4,,0
24000809,'1032563',1107,,468,3,4,,0
24000809,'1032566',1507,,469,1,,,0
24000809,'1032568',1622,,470,3,4,,0
24000809,'1032571',1007,,471,1,,,0
24000809,'1032572',848,,472,1,,,0
24000809,'1032573',1212,,473,3,4,,0
24000809,'1032576',2240,,474,1,,,0
24000809,'1032582',1737,,475,1,,,0
24000809,'1032584',1942,,476,3,4,,0
24000809,'1032585',1122,,477,1,,,0
24000809,'1032589',1342,,478,1,,,0
24000809,'1032590',1640,,479,1,,,0
24000809,'1032591',2232,,480,3,4,,0
24000809,'1032592',1722,,481,3,4,,0
24000809,'1032595',1327,,482,3,4,,0
24000809,'1032601',1452,,483,3,4,,0
24000809,'1032606',837,,484,3,4,,0
24000809,'1032613',1957,,485,1,,,0
24000809,'1032664',707,,486,3,4,,0
24000809,'1032665',718,,487,1,,,0
