109,'1033981',2318,,516,6,,,0
109,'1033986',2253,,517,6,,,0
109,'1034005',2201,,519,6,,,0
109,'1034007',703,,520,6,0,7 8,0
109,'1034015',1407,,521,6,,,0
109,'1034017',1158,,522,6,,,0
109,'1034018',729,,523,6,0,7 8,0
109,'1034027',636,,525,6,0,7 8,0
109,'1034039',1844,,526,6,,,0
109,'1034040',1703,,527,6,0,7 8,0
109,'1034045',1315,,529,6,,,0
109,'1034060',1259,,531,6,0,7 8,0
109,'1034069',1002,,534,6,,,0
109,'1034111',1527,,541,6,,,0
109,'1034117',1027,,543,6,,,0
109,'1034132',1455,,545,6,,,0
109,'1034144',2110,,549,6,,,0
109,'1034180',1900,,552,6,,,0
109,'1034183',1725,,554,6,0,7 8,0
109,'1034209',2006,,556,6,,,0
109,'1034212',1916,,557,6,,,0
109,'1034214',1423,,558,6,,,0
109,'1034239',1615,,561,6,0,7 8,0
109,'1034241',1647,,562,6,0,7 8,0
109,'1034243',1439,,563,6,,,0
109,'1034248',824,,564,6,0,7 8,0
109,'1034251',2227,,567,6,,,0
109,'1034261',1050,,568,6,,,0
109,'1034262',901,,569,6,,,0
109,'1034265',1133,,570,6,,,0
109,'1034280',1214,,572,6,,,0
109,'1034292',1112,,576,6,,,0
109,'1034300',543,,577,6,0,7 8,0
109,'1034307',1813,,580,6,0,7 8,0
109,'1034313',1511,,582,6,,,0
109,'1034319',1351,,584,6,,,0
109,'1034346',2054,,589,6,,,0
109,'1034358',941,,590,6,,,0
109,'1034368',2038,,594,6,,,0
109,'1034371',1741,,595,6,0,7 8,0
109,'1034378',1559,,596,6,,,0
109,'1034387',1757,,599,6,0,7 8,0
109,'1034396',1331,,602,6,,,0
109,'1034402',2345,,603,6,,,0
109,'1034416',1229,,606,6,,,0
109,'1034417',2135,,607,6,,,0
109,'1034430',921,,608,6,,,0
109,'1034434',1932,,609,6,,,0
109,'1034444',758,,610,6,0,7 8,0
109,'1034465',1543,,612,6,,,0
109,'1034476',1243,,614,6,0,7 8,0
109,'1034478',1828,,615,6,,,0
109,'1034479',1631,,616,6,0,7 8,0
209,'1033961',1417,,618,4,,,0
209,'1033967',1707,,620,4,,,0
209,'1033968',1830,,621,4,,,0
209,'1033999',1521,,626,4,,,0
209,'1034006',1007,,628,4,,,0
209,'1034011',1542,,629,4,,,0
209,'1034031',1333,,631,4,,,0
209,'1034048',2104,,634,4,,,0
209,'1034049',1231,,635,4,,,0
209,'1034068',810,,637,4,,,0
209,'1034071',2333,,638,4,,,0
209,'1034081',1953,,639,4,,,0
209,'1034082',649,,640,4,,,0
209,'1034085',1038,,641,4,,,0
209,'1034087',935,,642,4,,,0
209,'1034097',2133,,643,4,,,0
209,'1034100',1728,,644,4,,,0
209,'1034113',2354,,645,4,,,0
209,'1034114',1750,,646,4,,,0
209,'1034115',1312,,647,4,,,0
209,'1034125',2204,,648,4,,,0
209,'1034131',2014,,649,4,,,0
209,'1034153',2300,,652,4,,,0
209,'1034155',908,,653,4,,,0
209,'1034162',743,,655,4,,,0
209,'1034175',1809,,658,4,,,0
209,'1034176',1251,,659,4,,,0
209,'1034186',837,,660,4,,,0
209,'1034195',1356,,661,4,,,0
209,'1034206',1438,,665,4,,,0
209,'1034229',2038,,670,4,,,0
209,'1034302',1646,,678,4,,,0
209,'1034322',2233,,680,4,,,0
209,'1034324',1852,,681,4,,,0
209,'1034357',1210,,687,4,,,0
209,'1034361',1144,,688,4,,,0
209,'1034374',1913,,690,4,,,0
209,'1034381',1603,,691,4,,,0
209,'1034389',1625,,693,4,,,0
209,'1034400',1117,,695,4,,,0
209,'1034446',1934,,698,4,,,0
209,'1034461',1459,,699,4,,,0
409,'1033979',1007,,779,4,,,0
409,'1033994',1638,,780,4,,,0
409,'1034099',1521,,785,4,,,0
409,'1034154',1720,,788,4,,,0
409,'1034189',1300,,790,4,,,0
409,'1034298',1143,,792,4,,,0
409,'1034382',1434,,794,4,,,0
409,'1034451',1055,,796,4,,,0
409,'1034453',919,,797,4,,,0
409,'1034474',1347,,798,4,,,0
