3000509,'1032219',746,,331,2,,,0
3000509,'1032221',821,,332,2,,,0
3000509,'1032253',712,,336,2,,,0
3000509,'1032254',1240,,337,2,,,0
3000509,'1032292',1202,,341,2,,,0
3000509,'1032311',2114,,343,2,,,0
3000509,'1032315',1849,,344,2,,,0
3000509,'1032322',604,,345,2,,,0
3000509,'1032327',856,,346,2,,,0
3000509,'1032332',1321,,348,2,,,0
3000509,'1032342',1524,,350,2,,,0
3000509,'1032364',2151,,351,2,,,0
3000509,'1032367',2228,,352,2,,,0
3000509,'1032374',638,,354,2,,,0
3000509,'1032400',1930,,356,2,,,0
3000509,'1032402',1443,,357,2,,,0
3000509,'1032426',2305,,360,2,,,0
3000509,'1032434',1402,,361,2,,,0
3000509,'1032482',1646,,368,2,,,0
3000509,'1032491',1122,,370,2,,,0
3000509,'1032493',931,,371,2,,,0
3000509,'1032494',1605,,372,2,,,0
3000509,'1032504',1808,,374,2,,,0
3000509,'1032508',1727,,375,2,,,0
3000509,'1032523',1011,,376,2,,,0
3000509,'1032532',2037,,378,2,,,0
3000509,'1032537',2342,,380,2,,,0
