20000509,'1032210',905,,384,7,0,9 10,0
20000509,'1032212',1209,,385,7,0,9 10,0
20000509,'1032237',2118,,390,7,0,9 10,0
20000509,'1032246',2348,,393,7,0,9 10,0
20000509,'1032252',1528,,394,7,0,9 10,0
20000509,'1032255',2157,,395,7,0,9 10,0
20000509,'1032261',1848,,397,7,0,9 10,0
20000509,'1032268',641,,398,7,0,9 10,0
20000509,'1032278',1021,,401,7,0,9 10,0
20000509,'1032279',1328,,402,7,0,9 10,0
20000509,'1032282',1648,,403,7,0,9 10,0
20000509,'1032300',1728,,405,7,0,9 10,0
20000509,'1032307',1408,,406,7,0,9 10,0
20000509,'1032312',942,,407,7,0,9 10,0
20000509,'1032317',829,,409,7,0,9 10,0
20000509,'1032331',1448,,411,7,0,9 10,0
20000509,'1032357',1928,,415,7,0,9 10,0
20000509,'1032362',605,,416,7,0,9 10,0
20000509,'1032375',1130,,418,7,0,9 10,0
20000509,'1032389',753,,420,7,0,9 10,0
20000509,'1032395',717,,422,7,0,9 10,0
20000509,'1032438',1248,,426,7,0,9 10,0
20000509,'1032447',2038,,428,7,0,9 10,0
20000509,'1032457',1608,,429,7,0,9 10,0
20000509,'1032458',2234,,430,7,0,9 10,0
20000509,'1032460',2311,,431,7,0,9 10,0
20000509,'1032521',1808,,436,7,0,9 10,0
