609,'1034022',1830,,802,7,0,22,0
609,'1034050',1136,,804,7,0,22,0
609,'1034059',1031,,806,7,0,22,0
609,'1034080',926,,807,7,0,22,0
609,'1034103',1720,,808,7,0,22,0
609,'1034121',1425,,810,7,0,22,0
609,'1034190',1535,,818,7,0,22,0
609,'1034211',1240,,819,7,0,22,0
609,'1034242',1755,,820,7,0,22,0
609,'1034246',1645,,821,7,0,22,0
609,'1034257',2031,,822,7,0,22,0
609,'1034267',1315,,823,7,0,22,0
609,'1034309',1930,,827,7,0,22,0
609,'1034310',1106,,828,7,0,22,0
609,'1034330',1500,,831,7,0,22,0
609,'1034349',1350,,832,7,0,22,0
609,'1034407',821,,834,7,0,22,0
609,'1034449',1610,,835,7,0,22,0
609,'1034458',2004,,836,7,0,22,0
609,'1034657',1106,,1069,8,0,22,0
609,'1034658',926,,1070,8,0,22,0
609,'1034659',821,,1071,8,0,22,0
609,'1034664',1031,,1076,8,0,22,0
609,'1034665',1645,,1077,8,0,22,0
609,'1034666',1610,,1078,8,0,22,0
609,'1034667',1350,,1079,8,0,22,0
609,'1034668',1315,,1080,8,0,22,0
609,'1034670',1720,,1082,8,0,22,0
609,'1034671',1136,,1083,8,0,22,0
609,'1034673',1500,,1085,8,0,22,0
609,'1034676',2004,,1088,8,0,22,0
609,'1034679',1535,,1091,8,0,22,0
609,'1034680',2031,,1092,8,0,22,0
609,'1034682',1755,,1094,8,0,22,0
609,'1034684',1425,,1096,8,0,22,0
609,'1034688',1240,,1100,8,0,22,0
609,'1034690',1930,,1102,8,0,22,0
609,'1034691',1830,,1103,8,0,22,0
