109,'1033981',2327,,516,12,,,0
109,'1033986',2302,,517,12,4,,0
109,'1034005',2210,,519,12,4,,0
109,'1034007',710,,520,12,0,7 8,0
109,'1034015',1416,,521,12,4,,0
109,'1034017',1207,,522,12,4,,0
109,'1034018',736,,523,12,0,7 8,0
109,'1034027',643,,525,12,0,7 8,0
109,'1034039',1853,,526,12,4,,0
109,'1034040',1712,,527,12,0,7 8,0
109,'1034045',1324,,529,12,4,,0
109,'1034060',1308,,531,12,0,7 8,0
109,'1034069',1011,,534,12,4,,0
109,'1034111',1536,,541,12,4,,0
109,'1034117',1036,,543,12,4,,0
109,'1034132',1504,,545,12,4,,0
109,'1034144',2119,,549,12,4,,0
109,'1034180',1909,,552,12,,,0
109,'1034183',1734,,554,12,0,7 8,0
109,'1034209',2015,,556,12,4,,0
109,'1034212',1925,,557,12,4,,0
109,'1034214',1432,,558,12,4,,0
109,'1034239',1624,,561,12,0,7 8,0
109,'1034241',1656,,562,12,0,7 8,0
109,'1034243',1448,,563,12,4,,0
109,'1034248',831,,564,12,0,7 8,0
109,'1034251',2236,,567,12,4,,0
109,'1034261',1059,,568,12,4,,0
109,'1034262',910,,569,12,4,,0
109,'1034265',1142,,570,12,4,,0
109,'1034280',1223,,572,12,4,,0
109,'1034292',1121,,576,12,4,,0
109,'1034300',550,,577,12,0,7 8,0
109,'1034307',1822,,580,12,0,7 8,0
109,'1034313',1520,,582,12,4,,0
109,'1034319',1400,,584,12,4,,0
109,'1034346',2103,,589,12,,,0
109,'1034358',950,,590,12,4,,0
109,'1034368',2047,,594,12,4,,0
109,'1034371',1750,,595,12,0,7 8,0
109,'1034378',1608,,596,12,4,,0
109,'1034387',1806,,599,12,0,7 8,0
109,'1034396',1340,,602,12,4,,0
109,'1034402',2354,,603,12,,,0
109,'1034416',1238,,606,12,4,,0
109,'1034417',2144,,607,12,4,,0
109,'1034430',930,,608,12,4,,0
109,'1034434',1941,,609,12,4,,0
109,'1034444',805,,610,12,0,7 8,0
109,'1034465',1552,,612,12,4,,0
109,'1034476',1252,,614,12,0,7 8,0
109,'1034478',1837,,615,12,4,,0
109,'1034479',1640,,616,12,0,7 8,0
309,'1033972',2225,,702,3,0,9,0
309,'1034000',835,,704,3,0,9,0
309,'1034001',616,,705,3,0,9,0
309,'1034002',1412,,706,3,0,9,0
309,'1034013',946,,709,3,0,9,0
309,'1034021',639,,712,3,0,9,0
309,'1034023',1521,,713,3,0,9,0
309,'1034026',1326,,714,3,0,9,0
309,'1034057',1942,,717,3,0,9,0
309,'1034072',2005,,719,3,0,9,0
309,'1034083',1830,,721,3,0,9,0
309,'1034130',2116,,725,3,0,9,0
309,'1034141',1742,,726,3,0,9,0
309,'1034174',1610,,729,3,0,9,0
309,'1034199',2052,,732,3,0,9,0
309,'1034208',1020,,733,3,0,9,0
309,'1034223',724,,736,3,0,9,0
309,'1034231',701,,737,3,0,9,0
309,'1034240',553,,740,3,0,9,0
309,'1034266',1805,,744,3,0,9,0
309,'1034271',1457,,745,3,0,9,0
309,'1034272',812,,746,3,0,9,0
309,'1034294',1303,,747,3,0,9,0
309,'1034323',1435,,748,3,0,9,0
309,'1034329',1128,,749,3,0,9,0
309,'1034332',1719,,750,3,0,9,0
309,'1034334',1100,,751,3,0,9,0
309,'1034337',859,,752,3,0,9,0
309,'1034338',923,,753,3,0,9,0
309,'1034365',2332,,757,3,0,9,0
309,'1034398',748,,761,3,0,9,0
309,'1034418',1656,,762,3,0,9,0
309,'1034419',1854,,763,3,0,9,0
309,'1034420',1239,,764,3,0,9,0
309,'1034426',1214,,767,3,0,9,0
309,'1034431',1154,,770,3,0,9,0
309,'1034448',1348,,773,3,0,9,0
309,'1034455',1546,,774,3,0,9,0
309,'1034463',1633,,775,3,0,9,0
609,'1034022',1812,,802,3,0,22,0
609,'1034050',1118,,804,3,0,22,0
609,'1034059',1013,,806,3,0,22,0
609,'1034080',908,,807,3,0,22,0
609,'1034103',1702,,808,3,0,22,0
609,'1034121',1407,,810,3,0,22,0
609,'1034190',1517,,818,3,0,22,0
609,'1034211',1222,,819,3,0,22,0
609,'1034242',1737,,820,3,0,22,0
609,'1034246',1627,,821,3,0,22,0
609,'1034257',2013,,822,3,0,22,0
609,'1034267',1257,,823,3,0,22,0
609,'1034309',1912,,827,3,0,22,0
609,'1034310',1048,,828,3,0,22,0
609,'1034330',1442,,831,3,0,22,0
609,'1034349',1332,,832,3,0,22,0
609,'1034407',803,,834,3,0,22,0
609,'1034449',1552,,835,3,0,22,0
609,'1034458',1946,,836,3,0,22,0
