109,'1033981',2310,,516,2,,,0
109,'1033986',2245,,517,2,,,0
109,'1034005',2153,,519,2,,,0
109,'1034007',655,,520,2,0,7 8,0
109,'1034015',1357,,521,2,,,0
109,'1034017',1149,,522,2,,,0
109,'1034018',721,,523,2,0,7 8,0
109,'1034027',628,,525,2,0,7 8,0
109,'1034039',1836,,526,2,,,0
109,'1034040',1653,,527,2,0,7 8,0
109,'1034045',1306,,529,2,,,0
109,'1034060',1250,,531,2,0,7 8,0
109,'1034069',953,,534,2,,,0
109,'1034111',1517,,541,2,,,0
109,'1034117',1018,,543,2,,,0
109,'1034132',1445,,545,2,,,0
109,'1034144',2102,,549,2,,,0
109,'1034180',1852,,552,2,,,0
109,'1034183',1715,,554,2,0,7 8,0
109,'1034209',1958,,556,2,,,0
109,'1034212',1908,,557,2,,,0
109,'1034214',1413,,558,2,,,0
109,'1034239',1605,,561,2,0,7 8,0
109,'1034241',1637,,562,2,0,7 8,0
109,'1034243',1429,,563,2,,,0
109,'1034248',816,,564,2,0,7 8,0
109,'1034251',2219,,567,2,,,0
109,'1034261',1041,,568,2,,,0
109,'1034262',852,,569,2,,,0
109,'1034265',1124,,570,2,,,0
109,'1034280',1205,,572,2,,,0
109,'1034292',1103,,576,2,,,0
109,'1034300',535,,577,2,0,7 8,0
109,'1034307',1803,,580,2,0,7 8,0
109,'1034313',1501,,582,2,,,0
109,'1034319',1341,,584,2,,,0
109,'1034346',2046,,589,2,,,0
109,'1034358',932,,590,2,,,0
109,'1034368',2030,,594,2,,,0
109,'1034371',1731,,595,2,0,7 8,0
109,'1034378',1549,,596,2,,,0
109,'1034387',1747,,599,2,0,7 8,0
109,'1034396',1322,,602,2,,,0
109,'1034402',2337,,603,2,,,0
109,'1034416',1220,,606,2,,,0
109,'1034417',2127,,607,2,,,0
109,'1034430',912,,608,2,,,0
109,'1034434',1924,,609,2,,,0
109,'1034444',750,,610,2,0,7 8,0
109,'1034465',1533,,612,2,,,0
109,'1034476',1234,,614,2,0,7 8,0
109,'1034478',1820,,615,2,,,0
109,'1034479',1621,,616,2,0,7 8,0
