709,'1032744',847,,237,1,,,0
709,'1032745',2040,,238,7,4,,0
709,'1032747',2006,,239,7,4,,0
709,'1032753',2045,,240,1,,,0
709,'1032754',1932,,241,7,4,,0
709,'1032755',1538,,242,7,4,,0
709,'1032758',1208,,243,1,,,0
709,'1032759',1024,,244,7,4,,0
709,'1032762',1937,,245,1,,,0
709,'1032763',1725,,246,1,,,0
709,'1032764',1612,,247,7,4,,0
709,'1032766',916,,248,7,4,,0
709,'1032767',1133,,249,1,,,0
709,'1032769',1320,,250,1,,,0
709,'1032770',1058,,251,7,4,,0
709,'1032771',1543,,252,1,,,0
709,'1032772',1651,,253,1,,,0
709,'1032773',1504,,254,7,4,,0
709,'1032774',2011,,255,1,,,0
709,'1032775',1903,,256,1,,,0
709,'1032776',1429,,257,7,4,,0
709,'1032779',813,,258,1,,,0
709,'1032780',955,,259,1,,,0
709,'1032784',1314,,260,7,4,,0
709,'1032785',1617,,261,1,,,0
709,'1032786',808,,262,7,4,,0
709,'1032788',1509,,263,1,,,0
709,'1032791',1238,,264,7,4,,0
709,'1032793',1350,,265,7,4,,0
709,'1032794',1435,,266,1,,,0
709,'1032795',700,,267,7,4,,0
709,'1032797',921,,268,1,,,0
709,'1032798',1646,,269,7,4,,0
709,'1032799',842,,270,7,4,,0
709,'1032800',734,,271,7,4,,0
709,'1032803',1754,,273,7,4,,0
709,'1032805',1356,,274,1,,,0
709,'1032806',1858,,275,7,4,,0
709,'1032808',1029,,276,1,,,0
709,'1032810',950,,277,7,4,,0
709,'1032811',739,,278,1,,,0
709,'1032812',1244,,279,1,,,0
709,'1032813',1720,,280,7,4,,0
709,'1032814',1202,,281,7,4,,0
709,'1032815',705,,282,1,,,0
709,'1032818',1829,,283,1,,,0
709,'1032821',1350,,488,8,4,,0
709,'1032822',1646,,489,8,4,,0
709,'1032823',1538,,490,8,4,,0
709,'1032824',1504,,491,8,4,,0
709,'1032825',2006,,492,8,4,,0
709,'1032826',1202,,493,8,4,,0
709,'1032827',842,,494,8,4,,0
709,'1032828',1858,,495,8,4,,0
709,'1032829',700,,496,8,4,,0
709,'1032830',1754,,497,8,4,,0
709,'1032831',1314,,498,8,4,,0
709,'1032832',1429,,499,8,4,,0
709,'1032833',1932,,500,8,4,,0
709,'1032834',1058,,501,8,4,,0
709,'1032835',1720,,502,8,4,,0
709,'1032836',808,,503,8,4,,0
709,'1032837',916,,504,8,4,,0
709,'1032838',1024,,505,8,4,,0
709,'1032839',950,,506,8,4,,0
709,'1032840',1612,,507,8,4,,0
709,'1032841',2040,,508,8,4,,0
709,'1032842',734,,509,8,4,,0
709,'1032843',1238,,510,8,4,,0
