1209,'1033998',1225,,851,9,0,23,0
1209,'1034029',1608,,852,9,0,23,0
1209,'1034109',843,,854,9,0,23,0
1209,'1034290',1329,,860,9,0,23,0
1209,'1034406',947,,862,9,0,23,0
1209,'1034408',1051,,863,9,0,23,0
1209,'1034425',1713,,865,9,0,23,0
1209,'1034428',1433,,866,9,0,23,0
3000509,'1033957',1631,,870,3,0,17 18,0
3000509,'1033988',2251,,872,3,0,17 18,0
3000509,'1033996',2137,,873,3,0,17 18,0
3000509,'1033997',2100,,874,3,0,17 18,0
3000509,'1034038',1509,,877,3,0,17 18,0
3000509,'1034053',918,,878,3,0,17 18,0
3000509,'1034054',808,,879,3,0,17 18,0
3000509,'1034061',1428,,880,3,0,17 18,0
3000509,'1034077',733,,883,3,0,17 18,0
3000509,'1034091',1834,,884,3,0,17 18,0
3000509,'1034127',1148,,886,3,0,17 18,0
3000509,'1034138',2405,,887,3,0,17 18,0
3000509,'1034166',1712,,890,3,0,17 18,0
3000509,'1034167',2214,,891,3,0,17 18,0
3000509,'1034172',1550,,893,3,0,17 18,0
3000509,'1034173',1347,,894,3,0,17 18,0
3000509,'1034193',1753,,896,3,0,17 18,0
3000509,'1034198',625,,897,3,0,17 18,0
3000509,'1034200',659,,898,3,0,17 18,0
3000509,'1034204',1306,,900,3,0,17 18,0
3000509,'1034284',2023,,904,3,0,17 18,0
3000509,'1034333',1226,,906,3,0,17 18,0
3000509,'1034356',1108,,909,3,0,17 18,0
3000509,'1034375',2328,,911,3,0,17 18,0
3000509,'1034413',843,,917,3,0,17 18,0
3000509,'1034445',957,,918,3,0,17 18,0
3000509,'1034464',1915,,920,3,0,17 18,0
