109,'1032215',1400,,1,8,0,19,0
109,'1032229',2127,,4,8,0,19,0
109,'1032247',2215,,8,8,0,19,0
109,'1032259',1805,,9,8,0,19,0
109,'1032277',724,,11,8,0,19,0
109,'1032280',1613,,12,8,0,19,0
109,'1032290',1452,,14,8,0,19,0
109,'1032294',1917,,15,8,0,19,0
109,'1032296',701,,16,8,0,19,0
109,'1032308',2149,,20,8,0,19,0
109,'1032324',2237,,22,8,0,19,0
109,'1032328',1709,,23,8,0,19,0
109,'1032330',1517,,24,8,0,19,0
109,'1032341',610,,28,8,0,19,0
109,'1032359',817,,32,8,0,19,0
109,'1032360',1339,,33,8,0,19,0
109,'1032396',845,,36,8,0,19,0
109,'1032403',1214,,38,8,0,19,0
109,'1032416',1122,,40,8,0,19,0
109,'1032423',1826,,42,8,0,19,0
109,'1032431',1852,,44,8,0,19,0
109,'1032440',1059,,46,8,0,19,0
109,'1032453',1007,,50,8,0,19,0
109,'1032456',2037,,51,8,0,19,0
109,'1032469',1634,,52,8,0,19,0
109,'1032481',1431,,55,8,0,19,0
109,'1032484',1243,,56,8,0,19,0
109,'1032486',2303,,57,8,0,19,0
109,'1032488',524,,59,8,0,19,0
109,'1032495',752,,60,8,0,19,0
109,'1032496',1538,,61,8,0,19,0
109,'1032500',1730,,62,8,0,19,0
109,'1032501',1151,,63,8,0,19,0
109,'1032510',908,,65,8,0,19,0
109,'1032514',2101,,66,8,0,19,0
109,'1032524',1030,,70,8,0,19,0
109,'1032535',1941,,75,8,0,19,0
109,'1032538',1310,,76,8,0,19,0
209,'1032034',1714,,77,7,0,11,0
209,'1032043',1138,,78,7,0,11,0
209,'1032044',1202,,79,7,0,11,0
209,'1032047',1450,,80,7,0,11,0
209,'1032050',956,,81,7,0,11,0
209,'1032051',1935,,82,7,0,11,0
209,'1032057',2214,,83,7,0,11,0
209,'1032059',1650,,84,7,0,11,0
209,'1032063',737,,85,7,0,11,0
209,'1032075',2317,,86,7,0,11,0
209,'1032077',2050,,87,7,0,11,0
209,'1032080',2029,,88,7,0,11,0
209,'1032088',1850,,89,7,0,11,0
209,'1032090',908,,90,7,0,11,0
209,'1032092',2132,,91,7,0,11,0
209,'1032094',1538,,92,7,0,11,0
209,'1032096',932,,93,7,0,11,0
209,'1032107',2111,,94,7,0,11,0
209,'1032110',1402,,95,7,0,11,0
209,'1032111',844,,96,7,0,11,0
209,'1032115',2153,,97,7,0,11,0
209,'1032124',713,,98,7,0,11,0
209,'1032125',1514,,99,7,0,11,0
209,'1032127',1338,,100,7,0,11,0
209,'1032134',1226,,101,7,0,11,0
209,'1032138',1802,,102,7,0,11,0
209,'1032141',1738,,103,7,0,11,0
209,'1032150',1826,,104,7,0,11,0
209,'1032154',759,,105,7,0,11,0
209,'1032166',1914,,106,7,0,11,0
209,'1032171',822,,107,7,0,11,0
209,'1032174',2235,,108,7,0,11,0
209,'1032176',2256,,109,7,0,11,0
209,'1032178',1626,,110,7,0,11,0
209,'1032180',1426,,111,7,0,11,0
209,'1032182',1602,,112,7,0,11,0
209,'1032188',1050,,113,7,0,11,0
209,'1032190',1114,,114,7,0,11,0
209,'1032191',1314,,115,7,0,11,0
209,'1032197',627,,116,7,0,11,0
209,'1032199',1250,,117,7,0,11,0
709,'1032745',2034,,238,5,0,12 6,0
709,'1032747',2000,,239,5,0,12 6,0
709,'1032754',1926,,241,5,0,12 6,0
709,'1032755',1532,,242,5,0,12 6,0
709,'1032759',1018,,244,5,0,12 6,0
709,'1032764',1606,,247,5,0,12 6,0
709,'1032766',910,,248,5,0,12 6,0
709,'1032770',1052,,251,5,0,12 6,0
709,'1032773',1458,,254,5,0,12 6,0
709,'1032776',1423,,257,5,0,12 6,0
709,'1032784',1308,,260,5,0,12 6,0
709,'1032786',802,,262,5,0,12 6,0
709,'1032791',1232,,264,5,0,12 6,0
709,'1032793',1344,,265,5,0,12 6,0
709,'1032795',654,,267,5,0,12 6,0
709,'1032798',1640,,269,5,0,12 6,0
709,'1032799',836,,270,5,0,12 6,0
709,'1032800',728,,271,5,0,12 6,0
709,'1032803',1748,,273,5,0,12 6,0
709,'1032806',1852,,275,5,0,12 6,0
709,'1032810',944,,277,5,0,12 6,0
709,'1032813',1714,,280,5,0,12 6,0
709,'1032814',1156,,281,5,0,12 6,0
