709,'1032744',856,,237,6,,,0
709,'1032753',2054,,240,6,,,0
709,'1032758',1217,,243,6,,,0
709,'1032762',1946,,245,6,,,0
709,'1032763',1734,,246,6,,,0
709,'1032767',1142,,249,6,,,0
709,'1032769',1329,,250,6,,,0
709,'1032771',1552,,252,6,,,0
709,'1032772',1700,,253,6,,,0
709,'1032774',2020,,255,6,,,0
709,'1032775',1912,,256,6,,,0
709,'1032779',822,,258,6,,,0
709,'1032780',1004,,259,6,,,0
709,'1032785',1626,,261,6,,,0
709,'1032788',1518,,263,6,,,0
709,'1032794',1444,,266,6,,,0
709,'1032797',930,,268,6,,,0
709,'1032802',645,,272,6,,,0
709,'1032805',1408,,274,6,,,0
709,'1032808',1038,,276,6,,,0
709,'1032811',748,,278,6,,,0
709,'1032812',1253,,279,6,,,0
709,'1032815',714,,282,6,,,0
709,'1032818',1838,,283,6,,,0
