20000509,'1032210',904,,384,6,0,9 10,0
20000509,'1032212',1208,,385,6,0,9 10,0
20000509,'1032237',2117,,390,6,0,9 10,0
20000509,'1032246',2347,,393,6,0,9 10,0
20000509,'1032252',1527,,394,6,0,9 10,0
20000509,'1032255',2156,,395,6,0,9 10,0
20000509,'1032261',1847,,397,6,0,9 10,0
20000509,'1032268',640,,398,6,0,9 10,0
20000509,'1032278',1020,,401,6,0,9 10,0
20000509,'1032279',1327,,402,6,0,9 10,0
20000509,'1032282',1647,,403,6,0,9 10,0
20000509,'1032300',1727,,405,6,0,9 10,0
20000509,'1032307',1407,,406,6,0,9 10,0
20000509,'1032312',941,,407,6,0,9 10,0
20000509,'1032317',828,,409,6,0,9 10,0
20000509,'1032331',1447,,411,6,0,9 10,0
20000509,'1032357',1927,,415,6,0,9 10,0
20000509,'1032362',604,,416,6,0,9 10,0
20000509,'1032375',1129,,418,6,0,9 10,0
20000509,'1032389',752,,420,6,0,9 10,0
20000509,'1032395',716,,422,6,0,9 10,0
20000509,'1032438',1247,,426,6,0,9 10,0
20000509,'1032447',2037,,428,6,0,9 10,0
20000509,'1032457',1607,,429,6,0,9 10,0
20000509,'1032458',2233,,430,6,0,9 10,0
20000509,'1032460',2310,,431,6,0,9 10,0
20000509,'1032521',1807,,436,6,0,9 10,0
