109,'1033958',2131,,511,6,0,19,0
109,'1033964',1607,,512,6,0,19,0
109,'1033965',1717,,513,6,0,19,0
109,'1033969',1827,,514,6,0,19,0
109,'1033974',1645,,515,6,0,19,0
109,'1033987',2223,,518,6,0,19,0
109,'1034024',701,,524,6,0,19,0
109,'1034043',2040,,528,6,0,19,0
109,'1034052',1623,,530,6,0,19,0
109,'1034065',1033,,532,6,0,19,0
109,'1034066',1503,,533,6,0,19,0
109,'1034088',1236,,535,6,0,19,0
109,'1034095',1135,,536,6,0,19,0
109,'1034096',1551,,537,6,0,19,0
109,'1034101',1431,,538,6,0,19,0
109,'1034105',1054,,539,6,0,19,0
109,'1034108',1415,,540,6,0,19,0
109,'1034112',1733,,542,6,0,19,0
109,'1034124',2008,,544,6,0,19,0
109,'1034134',515,,546,6,0,19,0
109,'1034139',2105,,547,6,0,19,0
109,'1034143',2315,,548,6,0,19,0
109,'1034171',608,,550,6,0,19,0
109,'1034179',1936,,551,6,0,19,0
109,'1034182',2024,,553,6,0,19,0
109,'1034191',1343,,555,6,0,19,0
109,'1034233',1220,,559,6,0,19,0
109,'1034234',635,,560,6,0,19,0
109,'1034249',948,,565,6,0,19,0
109,'1034250',1701,,566,6,0,19,0
109,'1034268',1150,,571,6,0,19,0
109,'1034282',824,,573,6,0,19,0
109,'1034288',1519,,574,6,0,19,0
109,'1034291',1811,,575,6,0,19,0
109,'1034303',2157,,578,6,0,19,0
109,'1034304',1011,,579,6,0,19,0
109,'1034311',2249,,581,6,0,19,0
109,'1034315',1447,,583,6,0,19,0
109,'1034328',1535,,585,6,0,19,0
109,'1034336',1843,,586,6,0,19,0
109,'1034340',902,,587,6,0,19,0
109,'1034342',1204,,588,6,0,19,0
109,'1034362',1327,,591,6,0,19,0
109,'1034363',730,,592,6,0,19,0
109,'1034364',756,,593,6,0,19,0
109,'1034379',1252,,597,6,0,19,0
109,'1034385',1859,,598,6,0,19,0
109,'1034391',923,,600,6,0,19,0
109,'1034394',1311,,601,6,0,19,0
109,'1034410',1119,,604,6,0,19,0
109,'1034415',1755,,605,6,0,19,0
109,'1034462',844,,611,6,0,19,0
109,'1034469',1359,,613,6,0,19,0
209,'1033960',1433,,617,8,0,11,0
209,'1033963',2212,,619,8,0,11,0
209,'1033970',1309,,622,8,0,11,0
209,'1033983',2242,,623,8,0,11,0
209,'1033989',1931,,624,8,0,11,0
209,'1033990',1724,,625,8,0,11,0
209,'1034004',1559,,627,8,0,11,0
209,'1034028',818,,630,8,0,11,0
209,'1034034',1146,,632,8,0,11,0
209,'1034044',2312,,633,8,0,11,0
209,'1034064',846,,636,8,0,11,0
209,'1034145',1207,,650,8,0,11,0
209,'1034149',2336,,651,8,0,11,0
209,'1034157',1743,,654,8,0,11,0
209,'1034163',1537,,656,8,0,11,0
209,'1034164',1053,,657,8,0,11,0
209,'1034196',1702,,662,8,0,11,0
209,'1034202',1952,,663,8,0,11,0
209,'1034205',1641,,664,8,0,11,0
209,'1034216',1412,,666,8,0,11,0
209,'1034218',751,,667,8,0,11,0
209,'1034226',1910,,668,8,0,11,0
209,'1034227',1227,,669,8,0,11,0
209,'1034230',1455,,671,8,0,11,0
209,'1034273',2142,,672,8,0,11,0
209,'1034278',2111,,673,8,0,11,0
209,'1034285',945,,674,8,0,11,0
209,'1034295',1120,,675,8,0,11,0
209,'1034296',913,,676,8,0,11,0
209,'1034297',1828,,677,8,0,11,0
209,'1034308',2042,,679,8,0,11,0
209,'1034325',1330,,682,8,0,11,0
209,'1034326',724,,683,8,0,11,0
209,'1034327',2016,,684,8,0,11,0
209,'1034343',1016,,685,8,0,11,0
209,'1034355',1620,,686,8,0,11,0
209,'1034369',1516,,689,8,0,11,0
209,'1034386',1248,,692,8,0,11,0
209,'1034395',630,,694,8,0,11,0
209,'1034414',1351,,696,8,0,11,0
209,'1034433',1804,,697,8,0,11,0
209,'1034477',1849,,700,8,0,11,0
409,'1033979',1014,,779,8,4,,0
409,'1033994',1645,,780,8,4,,0
409,'1034010',900,,781,1,0,24 3 25,0
409,'1034046',1443,,782,1,0,24 3 25,0
409,'1034047',1152,,783,1,0,24 3 25,0
409,'1034084',1356,,784,1,0,24 3 25,0
409,'1034099',1528,,785,8,4,,0
409,'1034136',1016,,786,1,0,24 3 25,0
409,'1034147',928,,787,1,0,24 3 25,0
409,'1034177',1309,,789,1,0,24 3 25,0
409,'1034189',1307,,790,8,4,,0
409,'1034197',1647,,791,1,0,24 3 25,0
409,'1034298',1150,,792,8,4,,0
409,'1034373',1530,,793,1,0,24 3 25,0
409,'1034382',1441,,794,8,4,,0
409,'1034436',1104,,795,1,0,24 3 25,0
409,'1034451',1102,,796,8,4,,0
409,'1034453',926,,797,8,4,,0
409,'1034474',1354,,798,8,4,,0
