209,'1033960',1423,,617,3,0,11,0
209,'1033963',2202,,619,3,0,11,0
209,'1033970',1259,,622,3,0,11,0
209,'1033983',2232,,623,3,0,11,0
209,'1033989',1921,,624,3,0,11,0
209,'1033990',1714,,625,3,0,11,0
209,'1034004',1549,,627,3,0,11,0
209,'1034028',809,,630,3,0,11,0
209,'1034034',1136,,632,3,0,11,0
209,'1034044',2302,,633,3,0,11,0
209,'1034064',836,,636,3,0,11,0
209,'1034145',1157,,650,3,0,11,0
209,'1034149',2326,,651,3,0,11,0
209,'1034157',1733,,654,3,0,11,0
209,'1034163',1527,,656,3,0,11,0
209,'1034164',1043,,657,3,0,11,0
209,'1034196',1652,,662,3,0,11,0
209,'1034202',1942,,663,3,0,11,0
209,'1034205',1631,,664,3,0,11,0
209,'1034216',1402,,666,3,0,11,0
209,'1034218',742,,667,3,0,11,0
209,'1034226',1900,,668,3,0,11,0
209,'1034227',1217,,669,3,0,11,0
209,'1034230',1445,,671,3,0,11,0
209,'1034273',2132,,672,3,0,11,0
209,'1034278',2101,,673,3,0,11,0
209,'1034285',935,,674,3,0,11,0
209,'1034295',1110,,675,3,0,11,0
209,'1034296',903,,676,3,0,11,0
209,'1034297',1818,,677,3,0,11,0
209,'1034308',2032,,679,3,0,11,0
209,'1034325',1320,,682,3,0,11,0
209,'1034326',715,,683,3,0,11,0
209,'1034327',2006,,684,3,0,11,0
209,'1034343',1006,,685,3,0,11,0
209,'1034355',1610,,686,3,0,11,0
209,'1034369',1506,,689,3,0,11,0
209,'1034386',1238,,692,3,0,11,0
209,'1034395',621,,694,3,0,11,0
209,'1034414',1341,,696,3,0,11,0
209,'1034433',1754,,697,3,0,11,0
209,'1034477',1839,,700,3,0,11,0
