709,'1032821',1348,,488,7,0,12 20,0
709,'1032822',1644,,489,7,0,12 20,0
709,'1032823',1536,,490,7,0,12 20,0
709,'1032824',1502,,491,7,0,12 20,0
709,'1032825',2004,,492,7,0,12 20,0
709,'1032826',1200,,493,7,0,12 20,0
709,'1032827',840,,494,7,0,12 20,0
709,'1032828',1856,,495,7,0,12 20,0
709,'1032829',658,,496,7,0,12 20,0
709,'1032830',1752,,497,7,0,12 20,0
709,'1032831',1312,,498,7,0,12 20,0
709,'1032832',1427,,499,7,0,12 20,0
709,'1032833',1930,,500,7,0,12 20,0
709,'1032834',1056,,501,7,0,12 20,0
709,'1032835',1718,,502,7,0,12 20,0
709,'1032836',806,,503,7,0,12 20,0
709,'1032837',914,,504,7,0,12 20,0
709,'1032838',1022,,505,7,0,12 20,0
709,'1032839',948,,506,7,0,12 20,0
709,'1032840',1610,,507,7,0,12 20,0
709,'1032841',2038,,508,7,0,12 20,0
709,'1032842',732,,509,7,0,12 20,0
709,'1032843',1236,,510,7,0,12 20,0
