309,'1033959',908,,701,3,,,0
309,'1033992',1557,,703,3,,,0
309,'1034009',1533,,707,3,,,0
309,'1034012',1334,,708,3,,,0
309,'1034014',1225,,710,3,,,0
309,'1034020',1813,,711,3,,,0
309,'1034032',2037,,715,3,,,0
309,'1034056',1706,,716,3,,,0
309,'1034062',1618,,718,3,,,0
309,'1034074',1729,,720,3,,,0
309,'1034104',757,,722,3,,,0
309,'1034107',1901,,723,3,,,0
309,'1034118',1357,,724,3,,,0
309,'1034158',1020,,727,3,,,0
309,'1034160',2255,,728,3,,,0
309,'1034188',1838,,730,3,,,0
309,'1034194',1443,,731,3,,,0
309,'1034210',1310,,734,3,,,0
309,'1034215',710,,735,3,,,0
309,'1034235',732,,738,3,,,0
309,'1034237',1927,,739,3,,,0
309,'1034255',1051,,741,3,,,0
309,'1034258',821,,742,3,,,0
309,'1034260',648,,743,3,,,0
309,'1034339',1752,,754,3,,,0
309,'1034347',845,,755,3,,,0
309,'1034351',1643,,756,3,,,0
309,'1034372',622,,758,3,,,0
309,'1034380',2148,,759,3,,,0
309,'1034397',2012,,760,3,,,0
309,'1034422',1159,,765,3,,,0
309,'1034424',2122,,766,3,,,0
309,'1034427',957,,768,3,,,0
309,'1034429',932,,769,3,,,0
309,'1034438',1131,,771,3,,,0
309,'1034443',2401,,772,3,,,0
309,'1034466',1510,,776,3,,,0
309,'1034468',1419,,777,3,,,0
309,'1034473',1245,,778,3,,,0
1209,'1033998',1226,,851,10,0,23,0
1209,'1034029',1610,,852,10,0,23,0
1209,'1034109',844,,854,10,0,23,0
1209,'1034290',1330,,860,10,0,23,0
1209,'1034406',948,,862,10,0,23,0
1209,'1034408',1052,,863,10,0,23,0
1209,'1034425',1715,,865,10,0,23,0
1209,'1034428',1435,,866,10,0,23,0
3000509,'1033957',1633,,870,4,0,17 18,0
3000509,'1033988',2253,,872,4,0,17 18,0
3000509,'1033996',2139,,873,4,0,17 18,0
3000509,'1033997',2102,,874,4,0,17 18,0
3000509,'1034038',1511,,877,4,0,17 18,0
3000509,'1034053',919,,878,4,0,17 18,0
3000509,'1034054',809,,879,4,0,17 18,0
3000509,'1034061',1430,,880,4,0,17 18,0
3000509,'1034077',734,,883,4,0,17 18,0
3000509,'1034091',1836,,884,4,0,17 18,0
3000509,'1034127',1149,,886,4,0,17 18,0
3000509,'1034138',2407,,887,4,0,17 18,0
3000509,'1034166',1714,,890,4,0,17 18,0
3000509,'1034167',2216,,891,4,0,17 18,0
3000509,'1034172',1552,,893,4,0,17 18,0
3000509,'1034173',1349,,894,4,0,17 18,0
3000509,'1034193',1755,,896,4,0,17 18,0
3000509,'1034198',626,,897,4,0,17 18,0
3000509,'1034200',700,,898,4,0,17 18,0
3000509,'1034204',1308,,900,4,0,17 18,0
3000509,'1034253',552,,903,1,0,17 18,0
3000509,'1034284',2025,,904,4,0,17 18,0
3000509,'1034333',1227,,906,4,0,17 18,0
3000509,'1034356',1109,,909,4,0,17 18,0
3000509,'1034375',2330,,911,4,0,17 18,0
3000509,'1034413',844,,917,4,0,17 18,0
3000509,'1034445',958,,918,4,0,17 18,0
3000509,'1034464',1917,,920,4,0,17 18,0
