20000509,'1032218',1508,,386,5,,,0
20000509,'1032220',2405,,387,5,,,0
20000509,'1032225',1001,,388,5,,,0
20000509,'1032228',1428,,389,5,,,0
20000509,'1032238',1228,,391,5,,,0
20000509,'1032244',847,,392,5,,,0
20000509,'1032256',1708,,396,5,,,0
20000509,'1032269',1548,,399,5,,,0
20000509,'1032270',811,,400,5,,,0
20000509,'1032293',1308,,404,5,,,0
20000509,'1032316',623,,408,5,,,0
20000509,'1032323',2018,,410,5,,,0
20000509,'1032348',1828,,412,5,,,0
20000509,'1032349',1748,,413,5,,,0
20000509,'1032351',2214,,414,5,,,0
20000509,'1032368',923,,417,5,,,0
20000509,'1032378',1149,,419,5,,,0
20000509,'1032390',1628,,421,5,,,0
20000509,'1032405',1348,,423,5,,,0
20000509,'1032419',2137,,424,5,,,0
20000509,'1032420',2058,,425,5,,,0
20000509,'1032439',2251,,427,5,,,0
20000509,'1032467',735,,432,5,,,0
20000509,'1032477',1110,,433,5,,,0
20000509,'1032507',659,,434,5,,,0
20000509,'1032515',1908,,435,5,,,0
20000509,'1032540',2328,,437,5,,,0
20000509,'1032746',659,,438,5,,,0
20000509,'1032748',1748,,439,5,,,0
20000509,'1032749',2251,,440,5,,,0
20000509,'1032750',2214,,441,5,,,0
20000509,'1032751',2058,,442,5,,,0
20000509,'1032752',1348,,443,5,,,0
20000509,'1032756',2018,,444,5,,,0
20000509,'1032757',1428,,445,5,,,0
20000509,'1032760',923,,446,5,,,0
20000509,'1032761',1110,,447,5,,,0
20000509,'1032765',1908,,448,5,,,0
20000509,'1032768',1828,,449,5,,,0
20000509,'1032777',1708,,450,5,,,0
20000509,'1032778',1628,,451,5,,,0
20000509,'1032782',811,,453,5,,,0
20000509,'1032783',735,,454,5,,,0
20000509,'1032787',847,,455,5,,,0
20000509,'1032789',2137,,456,5,,,0
20000509,'1032790',1149,,457,5,,,0
20000509,'1032792',1508,,458,5,,,0
20000509,'1032796',1308,,459,5,,,0
20000509,'1032801',2328,,460,5,,,0
20000509,'1032804',1001,,461,5,,,0
20000509,'1032807',623,,462,5,,,0
20000509,'1032809',1548,,463,5,,,0
20000509,'1032816',1228,,464,5,,,0
20000509,'1032817',2405,,465,5,,,0
