1209,'1034073',1352,,853,2,,,0
1209,'1034126',802,,855,2,,,0
1209,'1034222',1144,,857,2,,,0
1209,'1034244',1527,,858,2,,,0
1209,'1034247',1248,,859,2,,,0
1209,'1034305',1010,,861,2,,,0
1209,'1034411',1737,,864,2,,,0
1209,'1034432',906,,867,2,,,0
1209,'1034454',1632,,869,2,,,0
20000509,'1033993',1425,,927,2,,,0
20000509,'1034008',2325,,929,2,,,0
20000509,'1034016',2248,,930,2,,,0
20000509,'1034041',1146,,931,2,,,0
20000509,'1034055',1225,,932,2,,,0
20000509,'1034086',2015,,935,2,,,0
20000509,'1034093',656,,937,2,,,0
20000509,'1034122',1545,,940,2,,,0
20000509,'1034151',620,,943,2,,,0
20000509,'1034170',1905,,945,2,,,0
20000509,'1034187',2055,,946,2,,,0
20000509,'1034207',1345,,948,2,,,0
20000509,'1034217',808,,950,2,,,0
20000509,'1034224',1705,,951,2,,,0
20000509,'1034289',2402,,957,2,,,0
20000509,'1034293',1305,,958,2,,,0
20000509,'1034306',1745,,959,2,,,0
20000509,'1034314',1505,,960,2,,,0
20000509,'1034317',958,,961,2,,,0
20000509,'1034331',732,,963,2,,,0
20000509,'1034353',1625,,966,2,,,0
20000509,'1034366',920,,968,2,,,0
20000509,'1034405',1107,,971,2,,,0
20000509,'1034409',2134,,972,2,,,0
20000509,'1034442',1825,,975,2,,,0
20000509,'1034450',844,,976,2,,,0
20000509,'1034457',2211,,978,2,,,0
