109,'1032215',1405,,1,12,0,19,0
109,'1032229',2132,,4,12,0,19,0
109,'1032247',2220,,8,12,0,19,0
109,'1032259',1810,,9,12,0,19,0
109,'1032277',728,,11,12,0,19,0
109,'1032280',1618,,12,12,0,19,0
109,'1032290',1457,,14,12,0,19,0
109,'1032294',1922,,15,12,0,19,0
109,'1032296',705,,16,12,0,19,0
109,'1032308',2154,,20,12,0,19,0
109,'1032324',2242,,22,12,0,19,0
109,'1032328',1714,,23,12,0,19,0
109,'1032330',1522,,24,12,0,19,0
109,'1032341',614,,28,12,0,19,0
109,'1032359',822,,32,12,0,19,0
109,'1032360',1344,,33,12,0,19,0
109,'1032396',850,,36,12,0,19,0
109,'1032403',1219,,38,12,0,19,0
109,'1032416',1127,,40,12,0,19,0
109,'1032423',1831,,42,12,0,19,0
109,'1032431',1857,,44,12,0,19,0
109,'1032440',1104,,46,12,0,19,0
109,'1032453',1012,,50,12,0,19,0
109,'1032456',2042,,51,12,0,19,0
109,'1032469',1639,,52,12,0,19,0
109,'1032481',1436,,55,12,0,19,0
109,'1032484',1248,,56,12,0,19,0
109,'1032486',2308,,57,12,0,19,0
109,'1032488',528,,59,12,0,19,0
109,'1032495',756,,60,12,0,19,0
109,'1032496',1543,,61,12,0,19,0
109,'1032500',1735,,62,12,0,19,0
109,'1032501',1156,,63,12,0,19,0
109,'1032510',913,,65,12,0,19,0
109,'1032514',2106,,66,12,0,19,0
109,'1032524',1035,,70,12,0,19,0
109,'1032535',1946,,75,12,0,19,0
109,'1032538',1315,,76,12,0,19,0
