209,'1033961',1411,,618,2,,,0
209,'1033967',1701,,620,2,,,0
209,'1033968',1824,,621,2,,,0
209,'1033999',1515,,626,2,,,0
209,'1034006',1003,,628,2,,,0
209,'1034011',1536,,629,2,,,0
209,'1034031',1329,,631,2,,,0
209,'1034048',2059,,634,2,,,0
209,'1034049',1227,,635,2,,,0
209,'1034068',807,,637,2,,,0
209,'1034071',2329,,638,2,,,0
209,'1034081',1948,,639,2,,,0
209,'1034082',646,,640,2,,,0
209,'1034085',1034,,641,2,,,0
209,'1034087',931,,642,2,,,0
209,'1034097',2128,,643,2,,,0
209,'1034100',1722,,644,2,,,0
209,'1034113',2350,,645,2,,,0
209,'1034114',1744,,646,2,,,0
209,'1034115',1308,,647,2,,,0
209,'1034125',2159,,648,2,,,0
209,'1034131',2009,,649,2,,,0
209,'1034153',2256,,652,2,,,0
209,'1034155',904,,653,2,,,0
209,'1034162',740,,655,2,,,0
209,'1034175',1803,,658,2,,,0
209,'1034176',1247,,659,2,,,0
209,'1034186',834,,660,2,,,0
209,'1034195',1350,,661,2,,,0
209,'1034206',1432,,665,2,,,0
209,'1034229',2033,,670,2,,,0
209,'1034302',1640,,678,2,,,0
209,'1034322',2229,,680,2,,,0
209,'1034324',1847,,681,2,,,0
209,'1034357',1206,,687,2,,,0
209,'1034361',1140,,688,2,,,0
209,'1034374',1908,,690,2,,,0
209,'1034381',1557,,691,2,,,0
209,'1034389',1619,,693,2,,,0
209,'1034400',1113,,695,2,,,0
209,'1034446',1929,,698,2,,,0
209,'1034461',1453,,699,2,,,0
409,'1034046',1500,,782,6,0,24 3 25,0
409,'1034047',1209,,783,6,0,24 3 25,0
409,'1034084',1413,,784,6,0,24 3 25,0
409,'1034136',1033,,786,6,0,24 3 25,0
409,'1034147',945,,787,6,0,24 3 25,0
409,'1034177',1326,,789,6,0,24 3 25,0
409,'1034197',1704,,791,6,0,24 3 25,0
409,'1034373',1547,,793,6,0,24 3 25,0
409,'1034436',1121,,795,6,0,24 3 25,0
