20000509,'1032746',708,,438,12,,,0
20000509,'1032748',1757,,439,12,,,0
20000509,'1032749',2300,,440,12,,,0
20000509,'1032750',2223,,441,12,,,0
20000509,'1032751',2107,,442,12,,,0
20000509,'1032752',1357,,443,12,,,0
20000509,'1032756',2027,,444,12,,,0
20000509,'1032757',1437,,445,12,,,0
20000509,'1032760',932,,446,12,,,0
20000509,'1032761',1119,,447,12,,,0
20000509,'1032765',1917,,448,12,,,0
20000509,'1032768',1837,,449,12,,,0
20000509,'1032777',1717,,450,12,,,0
20000509,'1032778',1637,,451,12,,,0
20000509,'1032781',556,,452,2,,,0
20000509,'1032782',820,,453,12,,,0
20000509,'1032783',744,,454,12,,,0
20000509,'1032787',856,,455,12,,,0
20000509,'1032789',2146,,456,12,,,0
20000509,'1032790',1158,,457,12,,,0
20000509,'1032792',1517,,458,12,,,0
20000509,'1032796',1317,,459,12,,,0
20000509,'1032801',2337,,460,12,,,0
20000509,'1032804',1010,,461,12,,,0
20000509,'1032807',632,,462,12,,,0
20000509,'1032809',1557,,463,12,,,0
20000509,'1032816',1237,,464,12,,,0
20000509,'1032817',2414,,465,12,,,0
