209,'1033961',1423,,618,7,,,0
209,'1033967',1713,,620,7,,,0
209,'1033968',1836,,621,7,,,0
209,'1033999',1527,,626,7,,,0
209,'1034006',1013,,628,7,,,0
209,'1034011',1548,,629,7,,,0
209,'1034031',1339,,631,7,,,0
209,'1034048',2110,,634,7,,,0
209,'1034049',1237,,635,7,,,0
209,'1034068',815,,637,7,,,0
209,'1034071',2339,,638,7,,,0
209,'1034081',1959,,639,7,,,0
209,'1034082',654,,640,7,,,0
209,'1034085',1044,,641,7,,,0
209,'1034087',941,,642,7,,,0
209,'1034097',2139,,643,7,,,0
209,'1034100',1734,,644,7,,,0
209,'1034113',2400,,645,7,,,0
209,'1034114',1756,,646,7,,,0
209,'1034115',1318,,647,7,,,0
209,'1034125',2210,,648,7,,,0
209,'1034131',2020,,649,7,,,0
209,'1034153',2306,,652,7,,,0
209,'1034155',914,,653,7,,,0
209,'1034162',748,,655,7,,,0
209,'1034175',1815,,658,7,,,0
209,'1034176',1257,,659,7,,,0
209,'1034186',842,,660,7,,,0
209,'1034195',1402,,661,7,,,0
209,'1034206',1444,,665,7,,,0
209,'1034229',2044,,670,7,,,0
209,'1034302',1652,,678,7,,,0
209,'1034322',2239,,680,7,,,0
209,'1034324',1858,,681,7,,,0
209,'1034357',1216,,687,7,,,0
209,'1034361',1150,,688,7,,,0
209,'1034374',1919,,690,7,,,0
209,'1034381',1609,,691,7,,,0
209,'1034389',1631,,693,7,,,0
209,'1034400',1123,,695,7,,,0
209,'1034446',1940,,698,7,,,0
209,'1034461',1505,,699,7,,,0
