109,'1032215',1355,,1,5,0,19,0
109,'1032229',2122,,4,5,0,19,0
109,'1032247',2210,,8,5,0,19,0
109,'1032259',1800,,9,5,0,19,0
109,'1032277',719,,11,5,0,19,0
109,'1032280',1608,,12,5,0,19,0
109,'1032290',1447,,14,5,0,19,0
109,'1032294',1912,,15,5,0,19,0
109,'1032296',656,,16,5,0,19,0
109,'1032308',2144,,20,5,0,19,0
109,'1032324',2232,,22,5,0,19,0
109,'1032328',1704,,23,5,0,19,0
109,'1032330',1512,,24,5,0,19,0
109,'1032341',605,,28,5,0,19,0
109,'1032359',812,,32,5,0,19,0
109,'1032360',1334,,33,5,0,19,0
109,'1032396',840,,36,5,0,19,0
109,'1032403',1209,,38,5,0,19,0
109,'1032416',1117,,40,5,0,19,0
109,'1032423',1821,,42,5,0,19,0
109,'1032431',1847,,44,5,0,19,0
109,'1032440',1054,,46,5,0,19,0
109,'1032453',1002,,50,5,0,19,0
109,'1032456',2032,,51,5,0,19,0
109,'1032469',1629,,52,5,0,19,0
109,'1032481',1426,,55,5,0,19,0
109,'1032484',1238,,56,5,0,19,0
109,'1032486',2258,,57,5,0,19,0
109,'1032488',519,,59,5,0,19,0
109,'1032495',747,,60,5,0,19,0
109,'1032496',1533,,61,5,0,19,0
109,'1032500',1725,,62,5,0,19,0
109,'1032501',1146,,63,5,0,19,0
109,'1032510',903,,65,5,0,19,0
109,'1032514',2056,,66,5,0,19,0
109,'1032524',1025,,70,5,0,19,0
109,'1032535',1936,,75,5,0,19,0
109,'1032538',1305,,76,5,0,19,0
209,'1032034',1709,,77,4,0,11,0
209,'1032043',1133,,78,4,0,11,0
209,'1032044',1157,,79,4,0,11,0
209,'1032047',1445,,80,4,0,11,0
209,'1032050',951,,81,4,0,11,0
209,'1032051',1930,,82,4,0,11,0
209,'1032057',2209,,83,4,0,11,0
209,'1032059',1645,,84,4,0,11,0
209,'1032063',732,,85,4,0,11,0
209,'1032075',2312,,86,4,0,11,0
209,'1032077',2045,,87,4,0,11,0
209,'1032080',2024,,88,4,0,11,0
209,'1032088',1845,,89,4,0,11,0
209,'1032090',903,,90,4,0,11,0
209,'1032092',2127,,91,4,0,11,0
209,'1032094',1533,,92,4,0,11,0
209,'1032096',927,,93,4,0,11,0
209,'1032107',2106,,94,4,0,11,0
209,'1032110',1357,,95,4,0,11,0
209,'1032111',839,,96,4,0,11,0
209,'1032115',2148,,97,4,0,11,0
209,'1032124',708,,98,4,0,11,0
209,'1032125',1509,,99,4,0,11,0
209,'1032127',1333,,100,4,0,11,0
209,'1032134',1221,,101,4,0,11,0
209,'1032138',1757,,102,4,0,11,0
209,'1032141',1733,,103,4,0,11,0
209,'1032150',1821,,104,4,0,11,0
209,'1032154',754,,105,4,0,11,0
209,'1032166',1909,,106,4,0,11,0
209,'1032171',817,,107,4,0,11,0
209,'1032174',2230,,108,4,0,11,0
209,'1032176',2251,,109,4,0,11,0
209,'1032178',1621,,110,4,0,11,0
209,'1032180',1421,,111,4,0,11,0
209,'1032182',1557,,112,4,0,11,0
209,'1032188',1045,,113,4,0,11,0
209,'1032190',1109,,114,4,0,11,0
209,'1032191',1309,,115,4,0,11,0
209,'1032197',622,,116,4,0,11,0
209,'1032199',1245,,117,4,0,11,0
709,'1032744',854,,237,5,,,0
709,'1032753',2052,,240,5,,,0
709,'1032758',1215,,243,5,,,0
709,'1032762',1944,,245,5,,,0
709,'1032763',1732,,246,5,,,0
709,'1032767',1140,,249,5,,,0
709,'1032769',1327,,250,5,,,0
709,'1032771',1550,,252,5,,,0
709,'1032772',1658,,253,5,,,0
709,'1032774',2018,,255,5,,,0
709,'1032775',1910,,256,5,,,0
709,'1032779',820,,258,5,,,0
709,'1032780',1002,,259,5,,,0
709,'1032785',1624,,261,5,,,0
709,'1032788',1516,,263,5,,,0
709,'1032794',1442,,266,5,,,0
709,'1032797',928,,268,5,,,0
709,'1032802',643,,272,5,,,0
709,'1032805',1406,,274,5,,,0
709,'1032808',1036,,276,5,,,0
709,'1032811',746,,278,5,,,0
709,'1032812',1251,,279,5,,,0
709,'1032815',712,,282,5,,,0
709,'1032818',1836,,283,5,,,0
