709,'1032744',858,,237,7,4,,0
709,'1032753',2056,,240,7,4,,0
709,'1032758',1219,,243,7,4,,0
709,'1032762',1948,,245,7,4,,0
709,'1032763',1736,,246,7,4,,0
709,'1032767',1144,,249,7,4,,0
709,'1032769',1331,,250,7,4,,0
709,'1032771',1554,,252,7,4,,0
709,'1032772',1702,,253,7,4,,0
709,'1032774',2022,,255,7,4,,0
709,'1032775',1914,,256,7,4,,0
709,'1032779',824,,258,7,4,,0
709,'1032780',1006,,259,7,4,,0
709,'1032785',1628,,261,7,4,,0
709,'1032788',1520,,263,7,4,,0
709,'1032794',1446,,266,7,4,,0
709,'1032797',932,,268,7,4,,0
709,'1032802',647,,272,7,4,,0
709,'1032805',1410,,274,7,4,,0
709,'1032808',1040,,276,7,4,,0
709,'1032811',750,,278,7,4,,0
709,'1032812',1255,,279,7,4,,0
709,'1032815',716,,282,7,4,,0
709,'1032818',1840,,283,7,4,,0
709,'1032821',1337,,488,1,0,12 20,0
709,'1032822',1633,,489,1,0,12 20,0
709,'1032823',1525,,490,1,0,12 20,0
709,'1032824',1451,,491,1,0,12 20,0
709,'1032825',1953,,492,1,0,12 20,0
709,'1032826',1149,,493,1,0,12 20,0
709,'1032827',829,,494,1,0,12 20,0
709,'1032828',1845,,495,1,0,12 20,0
709,'1032829',647,,496,1,0,12 20,0
709,'1032830',1741,,497,1,0,12 20,0
709,'1032831',1301,,498,1,0,12 20,0
709,'1032832',1416,,499,1,0,12 20,0
709,'1032833',1919,,500,1,0,12 20,0
709,'1032834',1045,,501,1,0,12 20,0
709,'1032835',1707,,502,1,0,12 20,0
709,'1032836',755,,503,1,0,12 20,0
709,'1032837',903,,504,1,0,12 20,0
709,'1032838',1011,,505,1,0,12 20,0
709,'1032839',937,,506,1,0,12 20,0
709,'1032840',1559,,507,1,0,12 20,0
709,'1032841',2027,,508,1,0,12 20,0
709,'1032842',721,,509,1,0,12 20,0
709,'1032843',1225,,510,1,0,12 20,0
