3000509,'1033976',2348,,871,6,,,0
3000509,'1034033',718,,875,6,,,0
3000509,'1034035',752,,876,6,,,0
3000509,'1034067',1409,,881,6,,,0
3000509,'1034076',644,,882,6,,,0
3000509,'1034110',2120,,885,6,,,0
3000509,'1034148',1450,,888,6,,,0
3000509,'1034156',2311,,889,6,,,0
3000509,'1034169',902,,892,6,,,0
3000509,'1034184',2157,,895,6,,,0
3000509,'1034201',1815,,899,6,,,0
3000509,'1034225',1856,,901,6,,,0
3000509,'1034245',1734,,902,6,,,0
3000509,'1034287',938,,905,6,,,0
3000509,'1034350',2234,,907,6,,,0
3000509,'1034352',610,,908,6,,,0
3000509,'1034367',2043,,910,6,,,0
3000509,'1034377',1653,,912,6,,,0
3000509,'1034390',1018,,913,6,,,0
3000509,'1034399',1328,,914,6,,,0
3000509,'1034403',1531,,915,6,,,0
3000509,'1034404',1129,,916,6,,,0
3000509,'1034447',1209,,919,6,,,0
3000509,'1034470',1936,,921,6,,,0
3000509,'1034471',1612,,922,6,,,0
3000509,'1034472',1247,,923,6,,,0
3000509,'1034480',827,,924,6,,,0
