24000809,'1033971',1454,,980,2,,,0
24000809,'1033978',1551,,982,2,,,0
24000809,'1034030',1359,,985,2,,,0
24000809,'1034036',2018,,986,2,,,0
24000809,'1034037',1913,,987,2,,,0
24000809,'1034063',712,,989,2,,,0
24000809,'1034168',1129,,993,2,,,0
24000809,'1034238',812,,994,2,,,0
24000809,'1034276',1034,,998,2,,,0
24000809,'1034277',1726,,999,2,,,0
24000809,'1034283',1219,,1001,2,,,0
24000809,'1034286',934,,1002,2,,,0
24000809,'1034383',1823,,1006,2,,,0
24000809,'1034388',1651,,1008,2,,,0
24000809,'1034423',2107,,1009,2,,,0
24000809,'1034440',1319,,1011,2,,,0
24000809,'1034475',2247,,1013,2,,,0
