209,'1032034',1708,,77,3,0,11,0
209,'1032043',1132,,78,3,0,11,0
209,'1032044',1156,,79,3,0,11,0
209,'1032047',1444,,80,3,0,11,0
209,'1032050',950,,81,3,0,11,0
209,'1032051',1929,,82,3,0,11,0
209,'1032057',2208,,83,3,0,11,0
209,'1032059',1644,,84,3,0,11,0
209,'1032063',731,,85,3,0,11,0
209,'1032075',2311,,86,3,0,11,0
209,'1032077',2044,,87,3,0,11,0
209,'1032080',2023,,88,3,0,11,0
209,'1032088',1844,,89,3,0,11,0
209,'1032090',902,,90,3,0,11,0
209,'1032092',2126,,91,3,0,11,0
209,'1032094',1532,,92,3,0,11,0
209,'1032096',926,,93,3,0,11,0
209,'1032107',2105,,94,3,0,11,0
209,'1032110',1356,,95,3,0,11,0
209,'1032111',838,,96,3,0,11,0
209,'1032115',2147,,97,3,0,11,0
209,'1032124',707,,98,3,0,11,0
209,'1032125',1508,,99,3,0,11,0
209,'1032127',1332,,100,3,0,11,0
209,'1032134',1220,,101,3,0,11,0
209,'1032138',1756,,102,3,0,11,0
209,'1032141',1732,,103,3,0,11,0
209,'1032150',1820,,104,3,0,11,0
209,'1032154',753,,105,3,0,11,0
209,'1032166',1908,,106,3,0,11,0
209,'1032171',816,,107,3,0,11,0
209,'1032174',2229,,108,3,0,11,0
209,'1032176',2250,,109,3,0,11,0
209,'1032178',1620,,110,3,0,11,0
209,'1032180',1420,,111,3,0,11,0
209,'1032182',1556,,112,3,0,11,0
209,'1032188',1044,,113,3,0,11,0
209,'1032190',1108,,114,3,0,11,0
209,'1032191',1308,,115,3,0,11,0
209,'1032197',621,,116,3,0,11,0
209,'1032199',1244,,117,3,0,11,0
709,'1032744',853,,237,4,,,0
709,'1032753',2051,,240,4,,,0
709,'1032758',1214,,243,4,,,0
709,'1032762',1943,,245,4,,,0
709,'1032763',1731,,246,4,,,0
709,'1032767',1139,,249,4,,,0
709,'1032769',1326,,250,4,,,0
709,'1032771',1549,,252,4,,,0
709,'1032772',1657,,253,4,,,0
709,'1032774',2017,,255,4,,,0
709,'1032775',1909,,256,4,,,0
709,'1032779',819,,258,4,,,0
709,'1032780',1001,,259,4,,,0
709,'1032785',1623,,261,4,,,0
709,'1032788',1515,,263,4,,,0
709,'1032794',1441,,266,4,,,0
709,'1032797',927,,268,4,,,0
709,'1032805',1402,,274,4,,,0
709,'1032808',1035,,276,4,,,0
709,'1032811',745,,278,4,,,0
709,'1032812',1250,,279,4,,,0
709,'1032815',711,,282,4,,,0
709,'1032818',1835,,283,4,,,0
