609,'1034022',1829,,802,6,0,22,0
609,'1034050',1135,,804,6,0,22,0
609,'1034059',1030,,806,6,0,22,0
609,'1034080',925,,807,6,0,22,0
609,'1034103',1719,,808,6,0,22,0
609,'1034121',1424,,810,6,0,22,0
609,'1034190',1534,,818,6,0,22,0
609,'1034211',1239,,819,6,0,22,0
609,'1034242',1754,,820,6,0,22,0
609,'1034246',1644,,821,6,0,22,0
609,'1034257',2030,,822,6,0,22,0
609,'1034267',1314,,823,6,0,22,0
609,'1034309',1929,,827,6,0,22,0
609,'1034310',1105,,828,6,0,22,0
609,'1034330',1459,,831,6,0,22,0
609,'1034349',1349,,832,6,0,22,0
609,'1034407',820,,834,6,0,22,0
609,'1034449',1609,,835,6,0,22,0
609,'1034458',2003,,836,6,0,22,0
609,'1034657',1105,,1069,7,0,22,0
609,'1034658',925,,1070,7,0,22,0
609,'1034659',820,,1071,7,0,22,0
609,'1034664',1030,,1076,7,0,22,0
609,'1034665',1644,,1077,7,0,22,0
609,'1034666',1609,,1078,7,0,22,0
609,'1034667',1349,,1079,7,0,22,0
609,'1034668',1314,,1080,7,0,22,0
609,'1034670',1719,,1082,7,0,22,0
609,'1034671',1135,,1083,7,0,22,0
609,'1034673',1459,,1085,7,0,22,0
609,'1034676',2003,,1088,7,0,22,0
609,'1034679',1534,,1091,7,0,22,0
609,'1034680',2030,,1092,7,0,22,0
609,'1034682',1754,,1094,7,0,22,0
609,'1034684',1424,,1096,7,0,22,0
609,'1034688',1239,,1100,7,0,22,0
609,'1034690',1929,,1102,7,0,22,0
609,'1034691',1829,,1103,7,0,22,0
