609,'1033966',1946,,799,4,,,0
609,'1033975',1704,,800,4,,,0
609,'1033991',1519,,801,4,,,0
609,'1034042',1259,,803,4,,,0
609,'1034058',2020,,805,4,,,0
609,'1034116',1222,,809,4,,,0
609,'1034133',1409,,811,4,,,0
609,'1034135',1444,,812,4,,,0
609,'1034142',1919,,813,4,,,0
609,'1034159',1334,,814,4,,,0
609,'1034161',1629,,815,4,,,0
609,'1034178',1739,,816,4,,,0
609,'1034185',2047,,817,4,,,0
609,'1034269',836,,824,4,,,0
609,'1034299',941,,825,4,,,0
609,'1034301',1046,,826,4,,,0
609,'1034312',1554,,829,4,,,0
609,'1034321',1121,,830,4,,,0
609,'1034354',1814,,833,4,,,0
609,'1034655',1444,,1067,4,,,0
609,'1034656',1519,,1068,4,,,0
609,'1034660',2047,,1072,4,,,0
609,'1034661',1919,,1073,4,,,0
609,'1034662',1554,,1074,4,,,0
609,'1034663',1704,,1075,4,,,0
609,'1034669',1739,,1081,4,,,0
609,'1034672',1814,,1084,4,,,0
609,'1034674',2020,,1086,4,,,0
609,'1034675',1222,,1087,4,,,0
609,'1034677',1409,,1089,4,,,0
609,'1034678',1259,,1090,4,,,0
609,'1034681',836,,1093,4,,,0
609,'1034683',1121,,1095,4,,,0
609,'1034685',1334,,1097,4,,,0
609,'1034686',1046,,1098,4,,,0
609,'1034687',1946,,1099,4,,,0
609,'1034689',1629,,1101,4,,,0
609,'1034692',941,,1104,4,,,0
