609,'1034655',1456,,1067,6,,,0
609,'1034656',1531,,1068,6,,,0
609,'1034660',2059,,1072,6,,,0
609,'1034661',1931,,1073,6,,,0
609,'1034662',1606,,1074,6,,,0
609,'1034663',1716,,1075,6,,,0
609,'1034669',1751,,1081,6,,,0
609,'1034672',1826,,1084,6,,,0
609,'1034674',2032,,1086,6,,,0
609,'1034675',1234,,1087,6,,,0
609,'1034677',1421,,1089,6,,,0
609,'1034678',1311,,1090,6,,,0
609,'1034681',848,,1093,6,,,0
609,'1034683',1133,,1095,6,,,0
609,'1034685',1346,,1097,6,,,0
609,'1034686',1058,,1098,6,,,0
609,'1034687',1958,,1099,6,,,0
609,'1034689',1641,,1101,6,,,0
609,'1034692',953,,1104,6,,,0
