109,'1033958',2128,,511,4,0,19,0
109,'1033964',1604,,512,4,0,19,0
109,'1033965',1714,,513,4,0,19,0
109,'1033969',1824,,514,4,0,19,0
109,'1033974',1642,,515,4,0,19,0
109,'1033987',2220,,518,4,0,19,0
109,'1034024',659,,524,4,0,19,0
109,'1034043',2037,,528,4,0,19,0
109,'1034052',1620,,530,4,0,19,0
109,'1034065',1030,,532,4,0,19,0
109,'1034066',1500,,533,4,0,19,0
109,'1034088',1233,,535,4,0,19,0
109,'1034095',1132,,536,4,0,19,0
109,'1034096',1548,,537,4,0,19,0
109,'1034101',1428,,538,4,0,19,0
109,'1034105',1051,,539,4,0,19,0
109,'1034108',1412,,540,4,0,19,0
109,'1034112',1730,,542,4,0,19,0
109,'1034124',2005,,544,4,0,19,0
109,'1034134',513,,546,4,0,19,0
109,'1034139',2102,,547,4,0,19,0
109,'1034143',2312,,548,4,0,19,0
109,'1034171',606,,550,4,0,19,0
109,'1034179',1933,,551,4,0,19,0
109,'1034182',2021,,553,4,0,19,0
109,'1034191',1340,,555,4,0,19,0
109,'1034233',1217,,559,4,0,19,0
109,'1034234',633,,560,4,0,19,0
109,'1034249',945,,565,4,0,19,0
109,'1034250',1658,,566,4,0,19,0
109,'1034268',1147,,571,4,0,19,0
109,'1034282',821,,573,4,0,19,0
109,'1034288',1516,,574,4,0,19,0
109,'1034291',1808,,575,4,0,19,0
109,'1034303',2154,,578,4,0,19,0
109,'1034304',1008,,579,4,0,19,0
109,'1034311',2246,,581,4,0,19,0
109,'1034315',1444,,583,4,0,19,0
109,'1034328',1532,,585,4,0,19,0
109,'1034336',1840,,586,4,0,19,0
109,'1034340',859,,587,4,0,19,0
109,'1034342',1201,,588,4,0,19,0
109,'1034362',1324,,591,4,0,19,0
109,'1034363',728,,592,4,0,19,0
109,'1034364',754,,593,4,0,19,0
109,'1034379',1249,,597,4,0,19,0
109,'1034385',1856,,598,4,0,19,0
109,'1034391',920,,600,4,0,19,0
109,'1034394',1308,,601,4,0,19,0
109,'1034410',1116,,604,4,0,19,0
109,'1034415',1752,,605,4,0,19,0
109,'1034462',841,,611,4,0,19,0
109,'1034469',1356,,613,4,0,19,0
