1209,'1032251',1519,,292,4,,,0
1209,'1032274',1039,,294,4,,,0
1209,'1032275',1152,,295,4,,,0
1209,'1032283',1632,,296,4,,,0
1209,'1032299',1701,,300,4,,,0
1209,'1032319',1123,,301,4,,,0
1209,'1032366',1548,,305,4,,,0
1209,'1032397',1912,,308,4,,,0
1209,'1032459',759,,313,4,,,0
1209,'1032461',843,,314,4,,,0
1209,'1032499',1221,,319,4,,,0
1209,'1032503',1730,,320,4,,,0
1209,'1032511',1449,,322,4,,,0
1209,'1032512',912,,323,4,,,0
1209,'1032522',1759,,324,4,,,0
1209,'1032527',1843,,325,4,,,0
1209,'1032534',1010,,326,4,,,0
1209,'1032544',941,,327,4,,,0
