1209,'1032257',811,,293,2,0,5 6,0
1209,'1032287',1855,,297,2,0,5 6,0
1209,'1032288',924,,298,2,0,5 6,0
1209,'1032289',1644,,299,2,0,5 6,0
1209,'1032321',742,,302,2,0,5 6,0
1209,'1032339',1713,,303,2,0,5 6,0
1209,'1032356',1531,,304,2,0,5 6,0
1209,'1032379',1826,,306,2,0,5 6,0
1209,'1032381',1106,,307,2,0,5 6,0
1209,'1032417',1600,,309,2,0,5 6,0
1209,'1032432',1022,,310,2,0,5 6,0
1209,'1032441',855,,311,2,0,5 6,0
1209,'1032443',1742,,312,2,0,5 6,0
1209,'1032462',1432,,315,2,0,5 6,0
1209,'1032463',1502,,316,2,0,5 6,0
1209,'1032468',1204,,317,2,0,5 6,0
1209,'1032471',1135,,318,2,0,5 6,0
1209,'1032509',953,,321,2,0,5 6,0
