20000509,'1032210',913,,384,13,4,,0
20000509,'1032212',1218,,385,13,4,,0
20000509,'1032237',2127,,390,13,4,,0
20000509,'1032246',2357,,393,13,4,,0
20000509,'1032252',1538,,394,13,4,,0
20000509,'1032255',2206,,395,13,4,,0
20000509,'1032261',1858,,397,13,4,,0
20000509,'1032268',649,,398,13,4,,0
20000509,'1032278',1030,,401,13,4,,0
20000509,'1032279',1338,,402,13,4,,0
20000509,'1032282',1658,,403,13,4,,0
20000509,'1032300',1738,,405,13,4,,0
20000509,'1032307',1418,,406,13,4,,0
20000509,'1032312',951,,407,13,4,,0
20000509,'1032317',837,,409,13,4,,0
20000509,'1032331',1458,,411,13,4,,0
20000509,'1032357',1938,,415,13,4,,0
20000509,'1032362',613,,416,13,4,,0
20000509,'1032375',1139,,418,13,4,,0
20000509,'1032389',801,,420,13,4,,0
20000509,'1032395',725,,422,13,4,,0
20000509,'1032438',1258,,426,13,4,,0
20000509,'1032447',2048,,428,13,4,,0
20000509,'1032457',1618,,429,13,4,,0
20000509,'1032458',2243,,430,13,4,,0
20000509,'1032460',2320,,431,13,4,,0
20000509,'1032521',1818,,436,13,4,,0
20000509,'1032746',654,,438,1,,,0
20000509,'1032748',1743,,439,1,,,0
20000509,'1032749',2246,,440,1,,,0
20000509,'1032750',2209,,441,1,,,0
20000509,'1032751',2053,,442,1,,,0
20000509,'1032752',1343,,443,1,,,0
20000509,'1032756',2013,,444,1,,,0
20000509,'1032757',1423,,445,1,,,0
20000509,'1032760',918,,446,1,,,0
20000509,'1032761',1105,,447,1,,,0
20000509,'1032765',1903,,448,1,,,0
20000509,'1032768',1823,,449,1,,,0
20000509,'1032777',1703,,450,1,,,0
20000509,'1032778',1623,,451,1,,,0
20000509,'1032782',806,,453,1,,,0
20000509,'1032783',730,,454,1,,,0
20000509,'1032787',842,,455,1,,,0
20000509,'1032789',2132,,456,1,,,0
20000509,'1032790',1144,,457,1,,,0
20000509,'1032792',1503,,458,1,,,0
20000509,'1032796',1303,,459,1,,,0
20000509,'1032801',2323,,460,1,,,0
20000509,'1032804',956,,461,1,,,0
20000509,'1032807',618,,462,1,,,0
20000509,'1032809',1543,,463,1,,,0
20000509,'1032816',1223,,464,1,,,0
20000509,'1032817',2400,,465,1,,,0
