20000509,'1031963',557,,383,2,4,,0
20000509,'1032210',857,,384,1,0,9 10,0
20000509,'1032212',1201,,385,1,0,9 10,0
20000509,'1032218',1519,,386,11,4,,0
20000509,'1032220',2416,,387,11,4,,0
20000509,'1032225',1012,,388,11,4,,0
20000509,'1032228',1439,,389,11,4,,0
20000509,'1032237',2110,,390,1,0,9 10,0
20000509,'1032238',1239,,391,11,4,,0
20000509,'1032244',857,,392,11,4,,0
20000509,'1032246',2340,,393,1,0,9 10,0
20000509,'1032252',1520,,394,1,0,9 10,0
20000509,'1032255',2149,,395,1,0,9 10,0
20000509,'1032256',1719,,396,11,4,,0
20000509,'1032261',1840,,397,1,0,9 10,0
20000509,'1032268',633,,398,1,0,9 10,0
20000509,'1032269',1559,,399,11,4,,0
20000509,'1032270',821,,400,11,4,,0
20000509,'1032278',1013,,401,1,0,9 10,0
20000509,'1032279',1320,,402,1,0,9 10,0
20000509,'1032282',1640,,403,1,0,9 10,0
20000509,'1032293',1319,,404,11,4,,0
20000509,'1032300',1720,,405,1,0,9 10,0
20000509,'1032307',1400,,406,1,0,9 10,0
20000509,'1032312',934,,407,1,0,9 10,0
20000509,'1032316',633,,408,11,4,,0
20000509,'1032317',821,,409,1,0,9 10,0
20000509,'1032323',2029,,410,11,4,,0
20000509,'1032331',1440,,411,1,0,9 10,0
20000509,'1032348',1839,,412,11,4,,0
20000509,'1032349',1759,,413,11,4,,0
20000509,'1032351',2225,,414,11,4,,0
20000509,'1032357',1920,,415,1,0,9 10,0
20000509,'1032362',557,,416,1,0,9 10,0
20000509,'1032368',933,,417,11,4,,0
20000509,'1032375',1122,,418,1,0,9 10,0
20000509,'1032378',1200,,419,11,4,,0
20000509,'1032389',745,,420,1,0,9 10,0
20000509,'1032390',1639,,421,11,4,,0
20000509,'1032395',709,,422,1,0,9 10,0
20000509,'1032405',1359,,423,11,4,,0
20000509,'1032419',2148,,424,11,4,,0
20000509,'1032420',2109,,425,11,4,,0
20000509,'1032438',1240,,426,1,0,9 10,0
20000509,'1032439',2302,,427,11,4,,0
20000509,'1032447',2030,,428,1,0,9 10,0
20000509,'1032457',1600,,429,1,0,9 10,0
20000509,'1032458',2226,,430,1,0,9 10,0
20000509,'1032460',2303,,431,1,0,9 10,0
20000509,'1032467',745,,432,11,4,,0
20000509,'1032477',1121,,433,11,4,,0
20000509,'1032507',709,,434,11,4,,0
20000509,'1032515',1919,,435,11,4,,0
20000509,'1032521',1800,,436,1,0,9 10,0
20000509,'1032540',2339,,437,11,4,,0
20000509,'1032746',709,,438,13,4,,0
20000509,'1032748',1759,,439,13,4,,0
20000509,'1032749',2302,,440,13,4,,0
20000509,'1032750',2225,,441,13,4,,0
20000509,'1032751',2109,,442,13,4,,0
20000509,'1032752',1359,,443,13,4,,0
20000509,'1032756',2029,,444,13,4,,0
20000509,'1032757',1439,,445,13,4,,0
20000509,'1032760',933,,446,13,4,,0
20000509,'1032761',1121,,447,13,4,,0
20000509,'1032765',1919,,448,13,4,,0
20000509,'1032768',1839,,449,13,4,,0
20000509,'1032777',1719,,450,13,4,,0
20000509,'1032778',1639,,451,13,4,,0
20000509,'1032781',557,,452,3,4,,0
20000509,'1032782',821,,453,13,4,,0
20000509,'1032783',745,,454,13,4,,0
20000509,'1032787',857,,455,13,4,,0
20000509,'1032789',2148,,456,13,4,,0
20000509,'1032790',1200,,457,13,4,,0
20000509,'1032792',1519,,458,13,4,,0
20000509,'1032796',1319,,459,13,4,,0
20000509,'1032801',2339,,460,13,4,,0
20000509,'1032804',1012,,461,13,4,,0
20000509,'1032807',633,,462,13,4,,0
20000509,'1032809',1559,,463,13,4,,0
20000509,'1032816',1239,,464,13,4,,0
20000509,'1032817',2416,,465,13,4,,0
