1209,'1032257',814,,293,3,0,5 6,0
1209,'1032287',1858,,297,3,0,5 6,0
1209,'1032288',927,,298,3,0,5 6,0
1209,'1032289',1647,,299,3,0,5 6,0
1209,'1032321',745,,302,3,0,5 6,0
1209,'1032339',1716,,303,3,0,5 6,0
1209,'1032356',1534,,304,3,0,5 6,0
1209,'1032379',1829,,306,3,0,5 6,0
1209,'1032381',1109,,307,3,0,5 6,0
1209,'1032417',1603,,309,3,0,5 6,0
1209,'1032432',1025,,310,3,0,5 6,0
1209,'1032441',858,,311,3,0,5 6,0
1209,'1032443',1745,,312,3,0,5 6,0
1209,'1032462',1435,,315,3,0,5 6,0
1209,'1032463',1505,,316,3,0,5 6,0
1209,'1032468',1207,,317,3,0,5 6,0
1209,'1032471',1138,,318,3,0,5 6,0
1209,'1032509',956,,321,3,0,5 6,0
