20000509,'1032210',911,,384,12,0,9 10,0
20000509,'1032212',1216,,385,12,0,9 10,0
20000509,'1032237',2125,,390,12,0,9 10,0
20000509,'1032246',2355,,393,12,0,9 10,0
20000509,'1032252',1535,,394,12,0,9 10,0
20000509,'1032255',2204,,395,12,0,9 10,0
20000509,'1032261',1855,,397,12,0,9 10,0
20000509,'1032268',647,,398,12,0,9 10,0
20000509,'1032278',1028,,401,12,0,9 10,0
20000509,'1032279',1335,,402,12,0,9 10,0
20000509,'1032282',1655,,403,12,0,9 10,0
20000509,'1032300',1735,,405,12,0,9 10,0
20000509,'1032307',1415,,406,12,0,9 10,0
20000509,'1032312',949,,407,12,0,9 10,0
20000509,'1032317',835,,409,12,0,9 10,0
20000509,'1032331',1455,,411,12,0,9 10,0
20000509,'1032357',1935,,415,12,0,9 10,0
20000509,'1032362',611,,416,12,0,9 10,0
20000509,'1032375',1137,,418,12,0,9 10,0
20000509,'1032389',759,,420,12,0,9 10,0
20000509,'1032395',723,,422,12,0,9 10,0
20000509,'1032438',1255,,426,12,0,9 10,0
20000509,'1032447',2045,,428,12,0,9 10,0
20000509,'1032457',1615,,429,12,0,9 10,0
20000509,'1032458',2241,,430,12,0,9 10,0
20000509,'1032460',2318,,431,12,0,9 10,0
20000509,'1032521',1815,,436,12,0,9 10,0
