109,2434984,1,0
109,2428690,2,0
109,2428689,3,0
109,2428688,4,0
109,2428687,5,0
109,2428686,6,0
109,2581579,7,0
109,2428685,8,0
109,2428684,9,0
109,2428683,10,0
109,2428682,11,0
109,2428681,12,0
109,4244421,13,1
109,4244420,14,1
109,3478348,15,0
109,3478349,16,0
109,2428701,17,0
109,2428700,18,0
109,2428699,19,0
109,2428698,20,0
109,2428669,21,0
109,2483904,22,0
109,2428697,23,0
109,2428696,24,0
109,2428695,25,0
109,2512554,26,0
109,2428694,27,0
109,2428693,28,0
109,2581624,29,1
109,2428692,30,0
209,2428673,1,0
209,2428672,2,0
209,2428688,3,0
209,2428687,4,0
209,2428686,5,0
209,2581579,6,0
209,2428685,7,0
209,2452887,8,0
209,2428670,9,0
209,2435112,10,0
209,2613909,11,1
209,2435111,12,0
209,2435110,13,0
209,2428678,14,0
209,2428677,15,0
209,2428676,16,0
209,2452886,17,0
209,2428669,18,0
209,2483904,19,0
209,2428697,20,0
209,2428696,21,0
209,2428695,22,0
209,2428674,23,0
309,2428659,1,0
309,2428658,2,0
309,2428657,3,0
309,2428656,4,0
309,2428700,5,1
309,2428685,6,0
309,2428683,7,0
309,2428681,8,0
309,2428679,9,0
309,2428663,10,0
309,2428662,11,0
309,2428661,12,0
309,2428660,13,0
409,2428666,1,0
409,2428665,2,0
409,2428664,3,0
409,2428687,4,0
409,2428686,5,0
409,2581579,6,1
409,3478350,7,1
409,2483904,8,0
409,2428697,9,0
409,2428696,10,0
409,2428695,11,0
409,2428674,12,0
409,2745524,13,0
409,2428672,14,0
409,2428668,15,0
409,2428667,16,0
609,2428685,1,0
609,2428683,2,0
609,2428681,3,0
609,2435113,4,0
609,4245257,5,0
609,2512555,6,0
609,2435117,7,0
609,2435118,8,0
609,2435119,9,0
609,2435120,10,0
609,2435130,11,0
609,2435129,12,0
609,2435128,13,0
609,4245258,15,0
609,2435114,16,0
609,2428700,17,1
909,2428685,1,0
909,2512556,2,0
1209,2428659,1,0
1209,2428644,2,0
1209,27,3,0
1209,28,4,0
1209,2428643,5,0
1209,2428642,6,0
1209,2428641,7,0
1209,3478363,8,0
1209,3478352,9,0
1209,3478351,10,0
1209,3478353,11,0
1209,2428633,12,0
1209,2428632,13,0
1209,2428631,14,0
1209,2428658,15,0
1209,2428630,16,0
1209,2428657,17,0
1209,2428656,18,0
1209,3478356,19,0
1209,21,20,0
1209,25,21,0
1209,3478358,22,0
1209,4245262,23,0
1209,4245263,24,0
1209,2428661,25,0
1209,2428660,26,0
3000509,2428655,1,0
3000509,2537730,2,0
3000509,3449924,3,0
3000509,2577172,4,0
3000509,2537732,5,0
3000509,2428646,6,0
3000509,2428645,7,0
3000509,2428644,8,0
3000509,2428661,9,0
3000509,2428660,10,0
3000509,2428659,11,0
3000509,2428658,12,0
3000509,2428630,13,0
3000509,2428657,14,0
3000509,2428629,15,0
3000509,2428628,16,0
3000509,2428627,17,0
3000509,2428626,18,0
3000509,2428625,19,0
3000509,2537738,20,0
3000509,2428624,21,0
3000509,2428622,22,0
3000509,2428623,23,0
3000509,2428621,24,0
20000509,23,1,0
20000509,2428643,2,0
20000509,26,3,0
20000509,2428642,4,0
20000509,2428641,5,0
20000509,2428640,6,0
20000509,2428639,7,0
20000509,2428654,8,0
20000509,2577174,9,0
20000509,2577173,10,0
20000509,2428615,11,0
20000509,2428637,12,0
20000509,2428638,13,0
20000509,2428636,14,0
20000509,2428635,15,0
20000509,2428634,16,0
20000509,2428633,17,0
20000509,2428632,18,0
20000509,2428631,19,0
20000509,3463440,20,0
20000509,2537733,21,0
20000509,2537734,22,0
20000509,2537735,23,0
24000809,2428685,1,0
24000809,2512552,2,1
24000809,2483623,3,0
24000809,2512553,4,0
