20000509,'1032746',705,,438,9,,,0
20000509,'1032748',1754,,439,9,,,0
20000509,'1032749',2257,,440,9,,,0
20000509,'1032750',2220,,441,9,,,0
20000509,'1032751',2104,,442,9,,,0
20000509,'1032752',1354,,443,9,,,0
20000509,'1032756',2024,,444,9,,,0
20000509,'1032757',1434,,445,9,,,0
20000509,'1032760',929,,446,9,,,0
20000509,'1032761',1116,,447,9,,,0
20000509,'1032765',1914,,448,9,,,0
20000509,'1032768',1834,,449,9,,,0
20000509,'1032777',1714,,450,9,,,0
20000509,'1032778',1634,,451,9,,,0
20000509,'1032782',817,,453,9,,,0
20000509,'1032783',741,,454,9,,,0
20000509,'1032787',853,,455,9,,,0
20000509,'1032789',2143,,456,9,,,0
20000509,'1032790',1155,,457,9,,,0
20000509,'1032792',1514,,458,9,,,0
20000509,'1032796',1314,,459,9,,,0
20000509,'1032801',2334,,460,9,,,0
20000509,'1032804',1007,,461,9,,,0
20000509,'1032807',629,,462,9,,,0
20000509,'1032809',1554,,463,9,,,0
20000509,'1032816',1234,,464,9,,,0
20000509,'1032817',2411,,465,9,,,0
