1209,'1032251',1525,,292,7,4,,0
1209,'1032257',809,,293,1,0,5 6,0
1209,'1032274',1045,,294,7,4,,0
1209,'1032275',1158,,295,7,4,,0
1209,'1032283',1638,,296,7,4,,0
1209,'1032287',1853,,297,1,0,5 6,0
1209,'1032288',922,,298,1,0,5 6,0
1209,'1032289',1642,,299,1,0,5 6,0
1209,'1032299',1707,,300,7,4,,0
1209,'1032319',1129,,301,7,4,,0
1209,'1032321',740,,302,1,0,5 6,0
1209,'1032339',1711,,303,1,0,5 6,0
1209,'1032356',1529,,304,1,0,5 6,0
1209,'1032366',1554,,305,7,4,,0
1209,'1032379',1824,,306,1,0,5 6,0
1209,'1032381',1104,,307,1,0,5 6,0
1209,'1032397',1918,,308,7,4,,0
1209,'1032417',1558,,309,1,0,5 6,0
1209,'1032432',1020,,310,1,0,5 6,0
1209,'1032441',853,,311,1,0,5 6,0
1209,'1032443',1740,,312,1,0,5 6,0
1209,'1032459',805,,313,7,4,,0
1209,'1032461',849,,314,7,4,,0
1209,'1032462',1430,,315,1,0,5 6,0
1209,'1032463',1500,,316,1,0,5 6,0
1209,'1032468',1202,,317,1,0,5 6,0
1209,'1032471',1133,,318,1,0,5 6,0
1209,'1032499',1227,,319,7,4,,0
1209,'1032503',1736,,320,7,4,,0
1209,'1032509',951,,321,1,0,5 6,0
1209,'1032511',1455,,322,7,4,,0
1209,'1032512',918,,323,7,4,,0
1209,'1032522',1805,,324,7,4,,0
1209,'1032527',1849,,325,7,4,,0
1209,'1032534',1016,,326,7,4,,0
1209,'1032544',947,,327,7,4,,0
