20000509,'1031963',555,,383,1,,,0
20000509,'1032218',1516,,386,10,,,0
20000509,'1032220',2413,,387,10,,,0
20000509,'1032225',1009,,388,10,,,0
20000509,'1032228',1436,,389,10,,,0
20000509,'1032238',1236,,391,10,,,0
20000509,'1032244',855,,392,10,,,0
20000509,'1032256',1716,,396,10,,,0
20000509,'1032269',1556,,399,10,,,0
20000509,'1032270',819,,400,10,,,0
20000509,'1032293',1316,,404,10,,,0
20000509,'1032316',631,,408,10,,,0
20000509,'1032323',2026,,410,10,,,0
20000509,'1032348',1836,,412,10,,,0
20000509,'1032349',1756,,413,10,,,0
20000509,'1032351',2222,,414,10,,,0
20000509,'1032368',931,,417,10,,,0
20000509,'1032378',1157,,419,10,,,0
20000509,'1032390',1636,,421,10,,,0
20000509,'1032405',1356,,423,10,,,0
20000509,'1032419',2145,,424,10,,,0
20000509,'1032420',2106,,425,10,,,0
20000509,'1032439',2259,,427,10,,,0
20000509,'1032467',743,,432,10,,,0
20000509,'1032477',1118,,433,10,,,0
20000509,'1032507',707,,434,10,,,0
20000509,'1032515',1916,,435,10,,,0
20000509,'1032540',2336,,437,10,,,0
20000509,'1032746',707,,438,11,,,0
20000509,'1032748',1756,,439,11,,,0
20000509,'1032749',2259,,440,11,,,0
20000509,'1032750',2222,,441,11,,,0
20000509,'1032751',2106,,442,11,,,0
20000509,'1032752',1356,,443,11,,,0
20000509,'1032756',2026,,444,11,,,0
20000509,'1032757',1436,,445,11,,,0
20000509,'1032760',931,,446,11,,,0
20000509,'1032761',1118,,447,11,,,0
20000509,'1032765',1916,,448,11,,,0
20000509,'1032768',1836,,449,11,,,0
20000509,'1032777',1716,,450,11,,,0
20000509,'1032778',1636,,451,11,,,0
20000509,'1032781',555,,452,1,,,0
20000509,'1032782',819,,453,11,,,0
20000509,'1032783',743,,454,11,,,0
20000509,'1032787',855,,455,11,,,0
20000509,'1032789',2145,,456,11,,,0
20000509,'1032790',1157,,457,11,,,0
20000509,'1032792',1516,,458,11,,,0
20000509,'1032796',1316,,459,11,,,0
20000509,'1032801',2336,,460,11,,,0
20000509,'1032804',1009,,461,11,,,0
20000509,'1032807',631,,462,11,,,0
20000509,'1032809',1556,,463,11,,,0
20000509,'1032816',1236,,464,11,,,0
20000509,'1032817',2413,,465,11,,,0
