1209,'1032251',1516,,292,2,,,0
1209,'1032274',1036,,294,2,,,0
1209,'1032275',1149,,295,2,,,0
1209,'1032283',1629,,296,2,,,0
1209,'1032299',1658,,300,2,,,0
1209,'1032319',1120,,301,2,,,0
1209,'1032366',1545,,305,2,,,0
1209,'1032397',1909,,308,2,,,0
1209,'1032459',756,,313,2,,,0
1209,'1032461',840,,314,2,,,0
1209,'1032499',1218,,319,2,,,0
1209,'1032503',1727,,320,2,,,0
1209,'1032511',1446,,322,2,,,0
1209,'1032512',909,,323,2,,,0
1209,'1032522',1756,,324,2,,,0
1209,'1032527',1840,,325,2,,,0
1209,'1032534',1007,,326,2,,,0
1209,'1032544',938,,327,2,,,0
3000509,'1032219',754,,331,8,,,0
3000509,'1032221',829,,332,8,,,0
3000509,'1032253',720,,336,8,,,0
3000509,'1032254',1249,,337,8,,,0
3000509,'1032292',1211,,341,8,,,0
3000509,'1032311',2122,,343,8,,,0
3000509,'1032315',1858,,344,8,,,0
3000509,'1032322',612,,345,8,,,0
3000509,'1032327',904,,346,8,,,0
3000509,'1032332',1330,,348,8,,,0
3000509,'1032342',1533,,350,8,,,0
3000509,'1032364',2159,,351,8,,,0
3000509,'1032367',2236,,352,8,,,0
3000509,'1032374',646,,354,8,,,0
3000509,'1032400',1938,,356,8,,,0
3000509,'1032402',1452,,357,8,,,0
3000509,'1032426',2313,,360,8,,,0
3000509,'1032434',1411,,361,8,,,0
3000509,'1032482',1655,,368,8,,,0
3000509,'1032491',1131,,370,8,,,0
3000509,'1032493',940,,371,8,,,0
3000509,'1032494',1614,,372,8,,,0
3000509,'1032504',1817,,374,8,,,0
3000509,'1032508',1736,,375,8,,,0
3000509,'1032523',1020,,376,8,,,0
3000509,'1032532',2045,,378,8,,,0
3000509,'1032537',2350,,380,8,,,0
