20000509,'1032746',704,,438,7,,,0
20000509,'1032748',1753,,439,7,,,0
20000509,'1032749',2256,,440,7,,,0
20000509,'1032750',2219,,441,7,,,0
20000509,'1032751',2103,,442,7,,,0
20000509,'1032752',1353,,443,7,,,0
20000509,'1032756',2023,,444,7,,,0
20000509,'1032757',1433,,445,7,,,0
20000509,'1032760',928,,446,7,,,0
20000509,'1032761',1115,,447,7,,,0
20000509,'1032765',1913,,448,7,,,0
20000509,'1032768',1833,,449,7,,,0
20000509,'1032777',1713,,450,7,,,0
20000509,'1032778',1633,,451,7,,,0
20000509,'1032782',816,,453,7,,,0
20000509,'1032783',740,,454,7,,,0
20000509,'1032787',852,,455,7,,,0
20000509,'1032789',2142,,456,7,,,0
20000509,'1032790',1154,,457,7,,,0
20000509,'1032792',1513,,458,7,,,0
20000509,'1032796',1313,,459,7,,,0
20000509,'1032801',2333,,460,7,,,0
20000509,'1032804',1006,,461,7,,,0
20000509,'1032807',628,,462,7,,,0
20000509,'1032809',1553,,463,7,,,0
20000509,'1032816',1233,,464,7,,,0
20000509,'1032817',2410,,465,7,,,0
