609,'1033966',1944,,799,2,,,0
609,'1033975',1702,,800,2,,,0
609,'1033991',1517,,801,2,,,0
609,'1034042',1257,,803,2,,,0
609,'1034058',2018,,805,2,,,0
609,'1034116',1220,,809,2,,,0
609,'1034133',1407,,811,2,,,0
609,'1034135',1442,,812,2,,,0
609,'1034142',1917,,813,2,,,0
609,'1034159',1332,,814,2,,,0
609,'1034161',1627,,815,2,,,0
609,'1034178',1737,,816,2,,,0
609,'1034185',2045,,817,2,,,0
609,'1034269',834,,824,2,,,0
609,'1034299',939,,825,2,,,0
609,'1034301',1044,,826,2,,,0
609,'1034312',1552,,829,2,,,0
609,'1034321',1119,,830,2,,,0
609,'1034354',1812,,833,2,,,0
609,'1034655',1442,,1067,2,,,0
609,'1034656',1517,,1068,2,,,0
609,'1034660',2045,,1072,2,,,0
609,'1034661',1917,,1073,2,,,0
609,'1034662',1552,,1074,2,,,0
609,'1034663',1702,,1075,2,,,0
609,'1034669',1737,,1081,2,,,0
609,'1034672',1812,,1084,2,,,0
609,'1034674',2018,,1086,2,,,0
609,'1034675',1220,,1087,2,,,0
609,'1034677',1407,,1089,2,,,0
609,'1034678',1257,,1090,2,,,0
609,'1034681',834,,1093,2,,,0
609,'1034683',1119,,1095,2,,,0
609,'1034685',1332,,1097,2,,,0
609,'1034686',1044,,1098,2,,,0
609,'1034687',1944,,1099,2,,,0
609,'1034689',1627,,1101,2,,,0
609,'1034692',939,,1104,2,,,0
