109,'1032215',1402,,1,9,0,19,0
109,'1032229',2129,,4,9,0,19,0
109,'1032247',2217,,8,9,0,19,0
109,'1032259',1807,,9,9,0,19,0
109,'1032277',725,,11,9,0,19,0
109,'1032280',1615,,12,9,0,19,0
109,'1032290',1454,,14,9,0,19,0
109,'1032294',1919,,15,9,0,19,0
109,'1032296',702,,16,9,0,19,0
109,'1032308',2151,,20,9,0,19,0
109,'1032324',2239,,22,9,0,19,0
109,'1032328',1711,,23,9,0,19,0
109,'1032330',1519,,24,9,0,19,0
109,'1032341',611,,28,9,0,19,0
109,'1032359',819,,32,9,0,19,0
109,'1032360',1341,,33,9,0,19,0
109,'1032396',847,,36,9,0,19,0
109,'1032403',1216,,38,9,0,19,0
109,'1032416',1124,,40,9,0,19,0
109,'1032423',1828,,42,9,0,19,0
109,'1032431',1854,,44,9,0,19,0
109,'1032440',1101,,46,9,0,19,0
109,'1032453',1009,,50,9,0,19,0
109,'1032456',2039,,51,9,0,19,0
109,'1032469',1636,,52,9,0,19,0
109,'1032481',1433,,55,9,0,19,0
109,'1032484',1245,,56,9,0,19,0
109,'1032486',2305,,57,9,0,19,0
109,'1032488',525,,59,9,0,19,0
109,'1032495',753,,60,9,0,19,0
109,'1032496',1540,,61,9,0,19,0
109,'1032500',1732,,62,9,0,19,0
109,'1032501',1153,,63,9,0,19,0
109,'1032510',910,,65,9,0,19,0
109,'1032514',2103,,66,9,0,19,0
109,'1032524',1032,,70,9,0,19,0
109,'1032535',1943,,75,9,0,19,0
109,'1032538',1312,,76,9,0,19,0
209,'1032034',1716,,77,8,0,11,0
209,'1032043',1140,,78,8,0,11,0
209,'1032044',1204,,79,8,0,11,0
209,'1032047',1452,,80,8,0,11,0
209,'1032050',958,,81,8,0,11,0
209,'1032051',1936,,82,8,0,11,0
209,'1032057',2215,,83,8,0,11,0
209,'1032059',1652,,84,8,0,11,0
209,'1032063',738,,85,8,0,11,0
209,'1032075',2318,,86,8,0,11,0
209,'1032077',2051,,87,8,0,11,0
209,'1032080',2030,,88,8,0,11,0
209,'1032088',1851,,89,8,0,11,0
209,'1032090',910,,90,8,0,11,0
209,'1032092',2133,,91,8,0,11,0
209,'1032094',1540,,92,8,0,11,0
209,'1032096',934,,93,8,0,11,0
209,'1032107',2112,,94,8,0,11,0
209,'1032110',1404,,95,8,0,11,0
209,'1032111',846,,96,8,0,11,0
209,'1032115',2154,,97,8,0,11,0
209,'1032124',714,,98,8,0,11,0
209,'1032125',1516,,99,8,0,11,0
209,'1032127',1340,,100,8,0,11,0
209,'1032134',1228,,101,8,0,11,0
209,'1032138',1804,,102,8,0,11,0
209,'1032141',1740,,103,8,0,11,0
209,'1032150',1828,,104,8,0,11,0
209,'1032154',800,,105,8,0,11,0
209,'1032166',1915,,106,8,0,11,0
209,'1032171',824,,107,8,0,11,0
209,'1032174',2236,,108,8,0,11,0
209,'1032176',2257,,109,8,0,11,0
209,'1032178',1628,,110,8,0,11,0
209,'1032180',1428,,111,8,0,11,0
209,'1032182',1604,,112,8,0,11,0
209,'1032188',1052,,113,8,0,11,0
209,'1032190',1116,,114,8,0,11,0
209,'1032191',1316,,115,8,0,11,0
209,'1032197',628,,116,8,0,11,0
209,'1032199',1252,,117,8,0,11,0
