109,'1032215',1351,,1,1,0,19,0
109,'1032223',739,,3,17,4,,0
109,'1032229',2118,,4,1,0,19,0
109,'1032230',1721,,5,17,4,,0
109,'1032239',648,,7,17,4,,0
109,'1032247',2206,,8,1,0,19,0
109,'1032259',1756,,9,1,0,19,0
109,'1032277',715,,11,1,0,19,0
109,'1032280',1604,,12,1,0,19,0
109,'1032290',1443,,14,1,0,19,0
109,'1032294',1908,,15,1,0,19,0
109,'1032296',652,,16,1,0,19,0
109,'1032304',1330,,18,17,4,,0
109,'1032308',2140,,20,1,0,19,0
109,'1032324',2228,,22,1,0,19,0
109,'1032328',1700,,23,1,0,19,0
109,'1032330',1508,,24,1,0,19,0
109,'1032341',601,,28,1,0,19,0
109,'1032343',1604,,29,17,4,,0
109,'1032347',1756,,30,17,4,,0
109,'1032358',1301,,31,17,4,,0
109,'1032359',808,,32,1,0,19,0
109,'1032360',1330,,33,1,0,19,0
109,'1032396',836,,36,1,0,19,0
109,'1032403',1205,,38,1,0,19,0
109,'1032416',1113,,40,1,0,19,0
109,'1032423',1817,,42,1,0,19,0
109,'1032431',1843,,44,1,0,19,0
109,'1032437',802,,45,17,4,,0
109,'1032440',1050,,46,1,0,19,0
109,'1032449',601,,47,17,4,,0
109,'1032451',1817,,49,17,4,,0
109,'1032453',958,,50,1,0,19,0
109,'1032456',2028,,51,1,0,19,0
109,'1032469',1625,,52,1,0,19,0
109,'1032474',1700,,53,17,4,,0
109,'1032475',830,,54,17,4,,0
109,'1032481',1422,,55,1,0,19,0
109,'1032484',1234,,56,1,0,19,0
109,'1032486',2254,,57,1,0,19,0
109,'1032488',515,,59,1,0,19,0
109,'1032495',743,,60,1,0,19,0
109,'1032496',1529,,61,1,0,19,0
109,'1032500',1721,,62,1,0,19,0
109,'1032501',1142,,63,1,0,19,0
109,'1032510',859,,65,1,0,19,0
109,'1032514',2052,,66,1,0,19,0
109,'1032524',1021,,70,1,0,19,0
109,'1032529',1625,,73,17,4,,0
109,'1032535',1932,,75,1,0,19,0
109,'1032538',1301,,76,1,0,19,0
709,'1032802',639,,272,1,,,0
