1209,'1034073',1353,,853,3,,,0
1209,'1034126',803,,855,3,,,0
1209,'1034222',1145,,857,3,,,0
1209,'1034244',1528,,858,3,,,0
1209,'1034247',1249,,859,3,,,0
1209,'1034305',1011,,861,3,,,0
1209,'1034411',1738,,864,3,,,0
1209,'1034432',907,,867,3,,,0
1209,'1034454',1633,,869,3,,,0
20000509,'1033993',1426,,927,3,,,0
20000509,'1034008',2326,,929,3,,,0
20000509,'1034016',2249,,930,3,,,0
20000509,'1034041',1147,,931,3,,,0
20000509,'1034055',1226,,932,3,,,0
20000509,'1034086',2016,,935,3,,,0
20000509,'1034093',657,,937,3,,,0
20000509,'1034122',1546,,940,3,,,0
20000509,'1034151',621,,943,3,,,0
20000509,'1034170',1906,,945,3,,,0
20000509,'1034187',2056,,946,3,,,0
20000509,'1034207',1346,,948,3,,,0
20000509,'1034217',809,,950,3,,,0
20000509,'1034224',1706,,951,3,,,0
20000509,'1034289',2403,,957,3,,,0
20000509,'1034293',1306,,958,3,,,0
20000509,'1034306',1746,,959,3,,,0
20000509,'1034314',1506,,960,3,,,0
20000509,'1034317',959,,961,3,,,0
20000509,'1034331',733,,963,3,,,0
20000509,'1034353',1626,,966,3,,,0
20000509,'1034366',921,,968,3,,,0
20000509,'1034405',1108,,971,3,,,0
20000509,'1034409',2135,,972,3,,,0
20000509,'1034442',1826,,975,3,,,0
20000509,'1034450',845,,976,3,,,0
20000509,'1034457',2212,,978,3,,,0
