109,'1032216',916,,2,8,,,0
109,'1032223',724,,3,8,0,7 8,0
109,'1032230',1706,,5,8,0,7 8,0
109,'1032231',1857,,6,8,,,0
109,'1032239',633,,7,8,0,7 8,0
109,'1032273',2107,,10,8,,,0
109,'1032281',2129,,13,8,,,0
109,'1032302',1502,,17,8,,,0
109,'1032304',1315,,18,8,0,7 8,0
109,'1032306',2303,,19,8,,,0
109,'1032309',1836,,21,8,,,0
109,'1032333',848,,25,8,,,0
109,'1032334',2011,,26,8,,,0
109,'1032336',1431,,27,8,,,0
109,'1032343',1549,,29,8,0,7 8,0
109,'1032347',1741,,30,8,0,7 8,0
109,'1032358',1246,,31,8,0,7 8,0
109,'1032373',2217,,34,8,,,0
109,'1032385',1222,,35,8,,,0
109,'1032398',1101,,37,8,,,0
109,'1032415',1153,,39,8,,,0
109,'1032418',1410,,41,8,,,0
109,'1032424',2329,,43,8,,,0
109,'1032437',747,,45,8,0,7 8,0
109,'1032449',546,,47,8,0,7 8,0
109,'1032450',1947,,48,8,,,0
109,'1032451',1802,,49,8,0,7 8,0
109,'1032474',1645,,53,8,0,7 8,0
109,'1032475',815,,54,8,0,7 8,0
109,'1032487',1038,,58,8,,,0
109,'1032502',1130,,64,8,,,0
109,'1032518',2155,,67,8,,,0
109,'1032519',1523,,68,8,,,0
109,'1032520',939,,69,8,,,0
109,'1032525',1341,,71,8,,,0
109,'1032528',1921,,72,8,,,0
109,'1032529',1610,,73,8,0,7 8,0
109,'1032531',2243,,74,8,,,0
209,'1032555',903,,118,6,,,0
209,'1032556',841,,119,6,,,0
209,'1032557',1245,,120,6,,,0
209,'1032560',2313,,121,6,,,0
209,'1032561',1645,,122,6,,,0
209,'1032562',2107,,123,6,,,0
209,'1032565',1309,,124,6,,,0
209,'1032567',1109,,125,6,,,0
209,'1032569',2331,,126,6,,,0
209,'1032570',2128,,127,6,,,0
209,'1032574',1421,,128,6,,,0
209,'1032575',1931,,129,6,,,0
209,'1032577',816,,130,6,,,0
209,'1032578',1445,,131,6,,,0
209,'1032579',1907,,132,6,,,0
209,'1032580',1533,,133,6,,,0
209,'1032581',645,,134,6,,,0
209,'1032586',1015,,135,6,,,0
209,'1032587',1557,,136,6,,,0
209,'1032588',731,,137,6,,,0
209,'1032593',1221,,138,6,,,0
209,'1032594',1133,,139,6,,,0
209,'1032596',2046,,140,6,,,0
209,'1032597',1845,,141,6,,,0
209,'1032598',1709,,142,6,,,0
209,'1032599',1733,,143,6,,,0
209,'1032600',1757,,144,6,,,0
209,'1032602',2231,,145,6,,,0
209,'1032603',2252,,146,6,,,0
209,'1032604',2149,,147,6,,,0
209,'1032605',1333,,148,6,,,0
209,'1032607',2210,,149,6,,,0
209,'1032608',1509,,150,6,,,0
209,'1032609',1821,,151,6,,,0
209,'1032610',951,,152,6,,,0
209,'1032611',1952,,153,6,,,0
209,'1032612',1621,,154,6,,,0
209,'1032614',1157,,155,6,,,0
209,'1032615',927,,156,6,,,0
209,'1032616',754,,157,6,,,0
209,'1032617',1357,,158,6,,,0
309,'1032208',1653,,159,1,0,9,0
309,'1032224',658,,160,1,0,9,0
309,'1032235',1739,,161,1,0,9,0
309,'1032236',1630,,162,1,0,9,0
309,'1032241',613,,163,1,0,9,0
309,'1032243',745,,164,1,0,9,0
309,'1032245',1454,,165,1,0,9,0
309,'1032248',1432,,166,1,0,9,0
309,'1032264',2222,,167,1,0,9,0
309,'1032267',1345,,168,1,0,9,0
309,'1032284',1802,,169,1,0,9,0
309,'1032295',1939,,170,1,0,9,0
309,'1032298',1236,,171,1,0,9,0
309,'1032301',943,,172,1,0,9,0
309,'1032303',856,,173,1,0,9,0
309,'1032318',1211,,174,1,0,9,0
309,'1032320',550,,175,1,0,9,0
309,'1032335',1125,,176,1,0,9,0
309,'1032350',1300,,177,1,0,9,0
309,'1032355',1323,,178,1,0,9,0
309,'1032363',1716,,179,1,0,9,0
309,'1032369',1543,,180,1,0,9,0
309,'1032377',636,,181,1,0,9,0
309,'1032399',1827,,182,1,0,9,0
309,'1032404',1518,,183,1,0,9,0
309,'1032407',2113,,184,1,0,9,0
309,'1032411',1851,,185,1,0,9,0
309,'1032412',1409,,186,1,0,9,0
309,'1032421',1151,,187,1,0,9,0
309,'1032430',1017,,188,1,0,9,0
309,'1032436',2002,,189,1,0,9,0
309,'1032446',1057,,190,1,0,9,0
309,'1032452',1607,,191,1,0,9,0
309,'1032472',721,,192,1,0,9,0
309,'1032473',832,,193,1,0,9,0
309,'1032476',2329,,194,1,0,9,0
309,'1032513',809,,195,1,0,9,0
309,'1032516',920,,196,1,0,9,0
309,'1032530',2049,,197,1,0,9,0
309,'1032622',1643,,198,6,4,,0
309,'1032623',1116,,199,6,4,,0
309,'1032624',957,,200,6,4,,0
309,'1032625',2036,,201,6,4,,0
309,'1032626',1045,,202,6,4,,0
309,'1032627',1444,,203,6,4,,0
309,'1032628',2146,,204,6,4,,0
309,'1032629',757,,205,6,4,,0
309,'1032630',1926,,206,6,4,,0
309,'1032631',1335,,207,6,4,,0
309,'1032632',1817,,208,6,4,,0
309,'1032633',646,,209,6,4,,0
309,'1032634',1622,,210,6,4,,0
309,'1032635',2212,,211,6,4,,0
309,'1032636',1250,,212,6,4,,0
309,'1032637',910,,213,6,4,,0
309,'1032638',1224,,214,6,4,,0
309,'1032639',846,,215,6,4,,0
309,'1032640',1022,,216,6,4,,0
309,'1032641',1156,,217,6,4,,0
309,'1032642',1535,,218,6,4,,0
309,'1032643',1754,,219,6,4,,0
309,'1032644',1952,,220,6,4,,0
309,'1032645',1731,,221,6,4,,0
309,'1032646',1903,,222,6,4,,0
309,'1032647',1838,,223,6,4,,0
309,'1032648',822,,224,6,4,,0
309,'1032649',2101,,225,6,4,,0
309,'1032650',1359,,226,6,4,,0
309,'1032651',1422,,227,6,4,,0
309,'1032652',2319,,228,6,4,,0
309,'1032653',2425,,229,6,4,,0
309,'1032654',1310,,230,6,4,,0
309,'1032655',1508,,231,6,4,,0
309,'1032656',1708,,232,6,4,,0
309,'1032657',933,,233,6,4,,0
309,'1032658',1558,,234,6,4,,0
309,'1032659',712,,235,6,4,,0
309,'1032660',735,,236,6,4,,0
909,'1032056',915,,284,1,0,13 14,0
909,'1032072',1655,,285,2,4,,0
909,'1032073',1150,,286,1,0,13 14,0
909,'1032089',1355,,287,1,0,13 14,0
909,'1032095',1135,,288,2,4,,0
909,'1032135',1530,,289,1,0,13 14,0
909,'1032145',1315,,290,2,4,,0
909,'1032189',1520,,291,2,4,,0
24000809,'1032558',1321,,466,3,4,,0
24000809,'1032559',900,,467,1,0,15 16,0
24000809,'1032563',1015,,468,1,0,15 16,0
24000809,'1032566',1601,,469,3,4,,0
24000809,'1032568',1530,,470,1,0,15 16,0
24000809,'1032571',1101,,471,3,4,,0
24000809,'1032572',942,,472,3,4,,0
24000809,'1032573',1120,,473,1,0,15 16,0
24000809,'1032576',2334,,474,3,4,,0
24000809,'1032582',1831,,475,3,4,,0
24000809,'1032584',1850,,476,1,0,15 16,0
24000809,'1032585',1216,,477,3,4,,0
24000809,'1032589',1436,,478,3,4,,0
24000809,'1032590',1734,,479,3,4,,0
24000809,'1032591',2140,,480,1,0,15 16,0
24000809,'1032592',1630,,481,1,0,15 16,0
24000809,'1032595',1235,,482,1,0,15 16,0
24000809,'1032601',1400,,483,1,0,15 16,0
24000809,'1032606',745,,484,1,0,15 16,0
24000809,'1032613',2051,,485,3,4,,0
24000809,'1032664',615,,486,1,0,15 16,0
24000809,'1032665',807,,487,3,4,,0
