3000509,'1033957',1643,,870,13,0,17 18,0
3000509,'1033988',2302,,872,13,0,17 18,0
3000509,'1033996',2148,,873,13,0,17 18,0
3000509,'1033997',2111,,874,13,0,17 18,0
3000509,'1034038',1521,,877,13,0,17 18,0
3000509,'1034053',928,,878,13,0,17 18,0
3000509,'1034054',818,,879,13,0,17 18,0
3000509,'1034061',1440,,880,13,0,17 18,0
3000509,'1034077',743,,883,13,0,17 18,0
3000509,'1034091',1846,,884,13,0,17 18,0
3000509,'1034127',1159,,886,13,0,17 18,0
3000509,'1034138',2416,,887,13,0,17 18,0
3000509,'1034166',1724,,890,13,0,17 18,0
3000509,'1034167',2225,,891,13,0,17 18,0
3000509,'1034172',1602,,893,13,0,17 18,0
3000509,'1034173',1359,,894,13,0,17 18,0
3000509,'1034193',1805,,896,13,0,17 18,0
3000509,'1034198',635,,897,13,0,17 18,0
3000509,'1034200',709,,898,13,0,17 18,0
3000509,'1034204',1318,,900,13,0,17 18,0
3000509,'1034253',601,,903,10,0,17 18,0
3000509,'1034284',2034,,904,13,0,17 18,0
3000509,'1034333',1237,,906,13,0,17 18,0
3000509,'1034356',1119,,909,13,0,17 18,0
3000509,'1034375',2339,,911,13,0,17 18,0
3000509,'1034413',853,,917,13,0,17 18,0
3000509,'1034445',1008,,918,13,0,17 18,0
3000509,'1034464',1927,,920,13,0,17 18,0
