109,'1033958',2144,,511,13,0,19,0
109,'1033964',1621,,512,13,0,19,0
109,'1033965',1731,,513,13,0,19,0
109,'1033969',1840,,514,13,0,19,0
109,'1033974',1659,,515,13,0,19,0
109,'1033987',2236,,518,13,0,19,0
109,'1034024',712,,524,13,0,19,0
109,'1034043',2053,,528,13,0,19,0
109,'1034052',1637,,530,13,0,19,0
109,'1034065',1047,,532,13,0,19,0
109,'1034066',1517,,533,13,0,19,0
109,'1034088',1250,,535,13,0,19,0
109,'1034095',1149,,536,13,0,19,0
109,'1034096',1605,,537,13,0,19,0
109,'1034101',1445,,538,13,0,19,0
109,'1034105',1108,,539,13,0,19,0
109,'1034108',1429,,540,13,0,19,0
109,'1034112',1747,,542,13,0,19,0
109,'1034124',2021,,544,13,0,19,0
109,'1034134',526,,546,13,0,19,0
109,'1034139',2118,,547,13,0,19,0
109,'1034143',2328,,548,13,0,19,0
109,'1034171',619,,550,13,0,19,0
109,'1034179',1949,,551,13,0,19,0
109,'1034182',2037,,553,13,0,19,0
109,'1034191',1357,,555,13,0,19,0
109,'1034233',1234,,559,13,0,19,0
109,'1034234',646,,560,13,0,19,0
109,'1034249',1002,,565,13,0,19,0
109,'1034250',1715,,566,13,0,19,0
109,'1034268',1204,,571,13,0,19,0
109,'1034282',838,,573,13,0,19,0
109,'1034288',1533,,574,13,0,19,0
109,'1034291',1824,,575,13,0,19,0
109,'1034303',2210,,578,13,0,19,0
109,'1034304',1025,,579,13,0,19,0
109,'1034311',2302,,581,13,0,19,0
109,'1034315',1501,,583,13,0,19,0
109,'1034328',1549,,585,13,0,19,0
109,'1034336',1856,,586,13,0,19,0
109,'1034340',916,,587,13,0,19,0
109,'1034342',1218,,588,13,0,19,0
109,'1034362',1341,,591,13,0,19,0
109,'1034363',741,,592,13,0,19,0
109,'1034364',807,,593,13,0,19,0
109,'1034379',1306,,597,13,0,19,0
109,'1034385',1912,,598,13,0,19,0
109,'1034391',937,,600,13,0,19,0
109,'1034394',1325,,601,13,0,19,0
109,'1034410',1133,,604,13,0,19,0
109,'1034415',1808,,605,13,0,19,0
109,'1034462',858,,611,13,0,19,0
109,'1034469',1413,,613,13,0,19,0
