20000509,'1033977',1441,,925,2,0,9 10,0
20000509,'1033982',822,,926,2,0,9 10,0
20000509,'1033995',2111,,928,2,0,9 10,0
20000509,'1034075',935,,933,2,0,9 10,0
20000509,'1034079',1321,,934,2,0,9 10,0
20000509,'1034092',558,,936,2,0,9 10,0
20000509,'1034098',1521,,938,2,0,9 10,0
20000509,'1034119',1641,,939,2,0,9 10,0
20000509,'1034137',1202,,941,2,0,9 10,0
20000509,'1034150',1841,,942,2,0,9 10,0
20000509,'1034165',2031,,944,2,0,9 10,0
20000509,'1034203',1921,,947,2,0,9 10,0
20000509,'1034213',746,,949,2,0,9 10,0
20000509,'1034236',1014,,952,2,0,9 10,0
20000509,'1034256',710,,953,2,0,9 10,0
20000509,'1034264',1401,,954,2,0,9 10,0
20000509,'1034274',1123,,955,2,0,9 10,0
20000509,'1034279',1241,,956,2,0,9 10,0
20000509,'1034318',2304,,962,2,0,9 10,0
20000509,'1034341',634,,964,2,0,9 10,0
20000509,'1034344',2341,,965,2,0,9 10,0
20000509,'1034360',1601,,967,2,0,9 10,0
20000509,'1034392',1721,,969,2,0,9 10,0
20000509,'1034401',1801,,970,2,0,9 10,0
20000509,'1034412',2227,,973,2,0,9 10,0
20000509,'1034421',858,,974,2,0,9 10,0
20000509,'1034456',2150,,977,2,0,9 10,0
