3000509,'1033976',2346,,871,5,,,0
3000509,'1034033',716,,875,5,,,0
3000509,'1034035',750,,876,5,,,0
3000509,'1034067',1407,,881,5,,,0
3000509,'1034076',642,,882,5,,,0
3000509,'1034110',2118,,885,5,,,0
3000509,'1034148',1448,,888,5,,,0
3000509,'1034156',2309,,889,5,,,0
3000509,'1034169',900,,892,5,,,0
3000509,'1034184',2155,,895,5,,,0
3000509,'1034201',1813,,899,5,,,0
3000509,'1034225',1854,,901,5,,,0
3000509,'1034245',1732,,902,5,,,0
3000509,'1034287',936,,905,5,,,0
3000509,'1034350',2232,,907,5,,,0
3000509,'1034352',608,,908,5,,,0
3000509,'1034367',2041,,910,5,,,0
3000509,'1034377',1651,,912,5,,,0
3000509,'1034390',1016,,913,5,,,0
3000509,'1034399',1326,,914,5,,,0
3000509,'1034403',1529,,915,5,,,0
3000509,'1034404',1127,,916,5,,,0
3000509,'1034447',1207,,919,5,,,0
3000509,'1034470',1934,,921,5,,,0
3000509,'1034471',1610,,922,5,,,0
3000509,'1034472',1245,,923,5,,,0
3000509,'1034480',825,,924,5,,,0
