20000509,'1032746',700,,438,6,,,0
20000509,'1032748',1749,,439,6,,,0
20000509,'1032749',2252,,440,6,,,0
20000509,'1032750',2215,,441,6,,,0
20000509,'1032751',2059,,442,6,,,0
20000509,'1032752',1349,,443,6,,,0
20000509,'1032756',2019,,444,6,,,0
20000509,'1032757',1429,,445,6,,,0
20000509,'1032760',924,,446,6,,,0
20000509,'1032761',1111,,447,6,,,0
20000509,'1032765',1909,,448,6,,,0
20000509,'1032768',1829,,449,6,,,0
20000509,'1032777',1709,,450,6,,,0
20000509,'1032778',1629,,451,6,,,0
20000509,'1032782',812,,453,6,,,0
20000509,'1032783',736,,454,6,,,0
20000509,'1032787',848,,455,6,,,0
20000509,'1032789',2138,,456,6,,,0
20000509,'1032790',1150,,457,6,,,0
20000509,'1032792',1509,,458,6,,,0
20000509,'1032796',1309,,459,6,,,0
20000509,'1032801',2329,,460,6,,,0
20000509,'1032804',1002,,461,6,,,0
20000509,'1032807',624,,462,6,,,0
20000509,'1032809',1549,,463,6,,,0
20000509,'1032816',1229,,464,6,,,0
20000509,'1032817',2406,,465,6,,,0
