209,'1033960',1426,,617,5,0,11,0
209,'1033963',2205,,619,5,0,11,0
209,'1033970',1302,,622,5,0,11,0
209,'1033983',2235,,623,5,0,11,0
209,'1033989',1924,,624,5,0,11,0
209,'1033990',1717,,625,5,0,11,0
209,'1034004',1552,,627,5,0,11,0
209,'1034028',812,,630,5,0,11,0
209,'1034034',1139,,632,5,0,11,0
209,'1034044',2305,,633,5,0,11,0
209,'1034064',839,,636,5,0,11,0
209,'1034145',1200,,650,5,0,11,0
209,'1034149',2329,,651,5,0,11,0
209,'1034157',1736,,654,5,0,11,0
209,'1034163',1530,,656,5,0,11,0
209,'1034164',1046,,657,5,0,11,0
209,'1034196',1655,,662,5,0,11,0
209,'1034202',1945,,663,5,0,11,0
209,'1034205',1634,,664,5,0,11,0
209,'1034216',1405,,666,5,0,11,0
209,'1034218',745,,667,5,0,11,0
209,'1034226',1903,,668,5,0,11,0
209,'1034227',1220,,669,5,0,11,0
209,'1034230',1448,,671,5,0,11,0
209,'1034273',2135,,672,5,0,11,0
209,'1034278',2104,,673,5,0,11,0
209,'1034285',938,,674,5,0,11,0
209,'1034295',1113,,675,5,0,11,0
209,'1034296',906,,676,5,0,11,0
209,'1034297',1821,,677,5,0,11,0
209,'1034308',2035,,679,5,0,11,0
209,'1034325',1323,,682,5,0,11,0
209,'1034326',718,,683,5,0,11,0
209,'1034327',2009,,684,5,0,11,0
209,'1034343',1009,,685,5,0,11,0
209,'1034355',1613,,686,5,0,11,0
209,'1034369',1509,,689,5,0,11,0
209,'1034386',1241,,692,5,0,11,0
209,'1034395',624,,694,5,0,11,0
209,'1034414',1344,,696,5,0,11,0
209,'1034433',1757,,697,5,0,11,0
209,'1034477',1842,,700,5,0,11,0
