209,'1033960',1418,,617,2,0,11,0
209,'1033963',2157,,619,2,0,11,0
209,'1033970',1254,,622,2,0,11,0
209,'1033983',2227,,623,2,0,11,0
209,'1033989',1916,,624,2,0,11,0
209,'1033990',1709,,625,2,0,11,0
209,'1034004',1544,,627,2,0,11,0
209,'1034028',804,,630,2,0,11,0
209,'1034034',1131,,632,2,0,11,0
209,'1034044',2257,,633,2,0,11,0
209,'1034064',831,,636,2,0,11,0
209,'1034145',1152,,650,2,0,11,0
209,'1034149',2321,,651,2,0,11,0
209,'1034157',1728,,654,2,0,11,0
209,'1034163',1522,,656,2,0,11,0
209,'1034164',1038,,657,2,0,11,0
209,'1034196',1647,,662,2,0,11,0
209,'1034202',1937,,663,2,0,11,0
209,'1034205',1626,,664,2,0,11,0
209,'1034216',1357,,666,2,0,11,0
209,'1034218',737,,667,2,0,11,0
209,'1034226',1855,,668,2,0,11,0
209,'1034227',1212,,669,2,0,11,0
209,'1034230',1440,,671,2,0,11,0
209,'1034273',2127,,672,2,0,11,0
209,'1034278',2056,,673,2,0,11,0
209,'1034285',930,,674,2,0,11,0
209,'1034295',1105,,675,2,0,11,0
209,'1034296',858,,676,2,0,11,0
209,'1034297',1813,,677,2,0,11,0
209,'1034308',2027,,679,2,0,11,0
209,'1034325',1315,,682,2,0,11,0
209,'1034326',710,,683,2,0,11,0
209,'1034327',2001,,684,2,0,11,0
209,'1034343',1001,,685,2,0,11,0
209,'1034355',1605,,686,2,0,11,0
209,'1034369',1501,,689,2,0,11,0
209,'1034386',1233,,692,2,0,11,0
209,'1034395',616,,694,2,0,11,0
209,'1034414',1336,,696,2,0,11,0
209,'1034433',1749,,697,2,0,11,0
209,'1034477',1834,,700,2,0,11,0
