20000509,'1033993',1433,,927,8,,,0
20000509,'1034008',2333,,929,8,,,0
20000509,'1034016',2256,,930,8,,,0
20000509,'1034041',1154,,931,8,,,0
20000509,'1034055',1233,,932,8,,,0
20000509,'1034086',2023,,935,8,,,0
20000509,'1034093',704,,937,8,,,0
20000509,'1034122',1553,,940,8,,,0
20000509,'1034151',628,,943,8,,,0
20000509,'1034170',1913,,945,8,,,0
20000509,'1034187',2103,,946,8,,,0
20000509,'1034207',1353,,948,8,,,0
20000509,'1034217',816,,950,8,,,0
20000509,'1034224',1713,,951,8,,,0
20000509,'1034289',2410,,957,8,,,0
20000509,'1034293',1313,,958,8,,,0
20000509,'1034306',1753,,959,8,,,0
20000509,'1034314',1513,,960,8,,,0
20000509,'1034317',1006,,961,8,,,0
20000509,'1034331',740,,963,8,,,0
20000509,'1034353',1633,,966,8,,,0
20000509,'1034366',928,,968,8,,,0
20000509,'1034405',1115,,971,8,,,0
20000509,'1034409',2142,,972,8,,,0
20000509,'1034442',1833,,975,8,,,0
20000509,'1034450',852,,976,8,,,0
20000509,'1034457',2219,,978,8,,,0
