709,'1032821',1345,,488,6,0,12 6,0
709,'1032822',1641,,489,6,0,12 6,0
709,'1032823',1533,,490,6,0,12 6,0
709,'1032824',1459,,491,6,0,12 6,0
709,'1032825',2001,,492,6,0,12 6,0
709,'1032826',1157,,493,6,0,12 6,0
709,'1032827',837,,494,6,0,12 6,0
709,'1032828',1853,,495,6,0,12 6,0
709,'1032829',655,,496,6,0,12 6,0
709,'1032830',1749,,497,6,0,12 6,0
709,'1032831',1309,,498,6,0,12 6,0
709,'1032832',1424,,499,6,0,12 6,0
709,'1032833',1927,,500,6,0,12 6,0
709,'1032834',1053,,501,6,0,12 6,0
709,'1032835',1715,,502,6,0,12 6,0
709,'1032836',803,,503,6,0,12 6,0
709,'1032837',911,,504,6,0,12 6,0
709,'1032838',1019,,505,6,0,12 6,0
709,'1032839',945,,506,6,0,12 6,0
709,'1032840',1607,,507,6,0,12 6,0
709,'1032841',2035,,508,6,0,12 6,0
709,'1032842',729,,509,6,0,12 6,0
709,'1032843',1233,,510,6,0,12 6,0
