309,'1033959',911,,701,4,,,0
309,'1033992',1600,,703,4,,,0
309,'1034009',1536,,707,4,,,0
309,'1034012',1337,,708,4,,,0
309,'1034014',1228,,710,4,,,0
309,'1034020',1816,,711,4,,,0
309,'1034032',2040,,715,4,,,0
309,'1034056',1709,,716,4,,,0
309,'1034062',1621,,718,4,,,0
309,'1034074',1732,,720,4,,,0
309,'1034104',800,,722,4,,,0
309,'1034107',1904,,723,4,,,0
309,'1034118',1400,,724,4,,,0
309,'1034158',1023,,727,4,,,0
309,'1034160',2258,,728,4,,,0
309,'1034188',1841,,730,4,,,0
309,'1034194',1446,,731,4,,,0
309,'1034210',1313,,734,4,,,0
309,'1034215',713,,735,4,,,0
309,'1034235',735,,738,4,,,0
309,'1034237',1930,,739,4,,,0
309,'1034255',1054,,741,4,,,0
309,'1034258',824,,742,4,,,0
309,'1034260',651,,743,4,,,0
309,'1034339',1755,,754,4,,,0
309,'1034347',848,,755,4,,,0
309,'1034351',1646,,756,4,,,0
309,'1034372',625,,758,4,,,0
309,'1034380',2151,,759,4,,,0
309,'1034397',2015,,760,4,,,0
309,'1034422',1202,,765,4,,,0
309,'1034424',2125,,766,4,,,0
309,'1034427',1000,,768,4,,,0
309,'1034429',935,,769,4,,,0
309,'1034438',1134,,771,4,,,0
309,'1034443',2404,,772,4,,,0
309,'1034466',1513,,776,4,,,0
309,'1034468',1422,,777,4,,,0
309,'1034473',1248,,778,4,,,0
309,'1034546',1841,,1014,4,,,0
309,'1034547',1054,,1015,4,,,0
309,'1034548',800,,1016,4,,,0
309,'1034549',1400,,1017,4,,,0
309,'1034551',1228,,1018,4,,,0
309,'1034552',2040,,1019,4,,,0
309,'1034553',1732,,1020,4,,,0
309,'1034554',1202,,1021,4,,,0
309,'1034555',651,,1022,4,,,0
309,'1034556',2125,,1023,4,,,0
309,'1034557',1816,,1024,4,,,0
309,'1034558',2151,,1025,4,,,0
309,'1034559',713,,1026,4,,,0
309,'1034561',1313,,1027,4,,,0
309,'1034562',2258,,1028,4,,,0
309,'1034564',625,,1029,4,,,0
309,'1034565',1446,,1030,4,,,0
309,'1034569',1621,,1031,4,,,0
309,'1034570',1536,,1032,4,,,0
309,'1034571',1513,,1033,4,,,0
309,'1034572',735,,1034,4,,,0
309,'1034573',2015,,1035,4,,,0
309,'1034574',1904,,1036,4,,,0
309,'1034575',1023,,1037,4,,,0
309,'1034576',1000,,1038,4,,,0
309,'1034577',824,,1039,4,,,0
309,'1034578',935,,1040,4,,,0
309,'1034579',1134,,1041,4,,,0
309,'1034580',1422,,1042,4,,,0
309,'1034581',2404,,1043,4,,,0
309,'1034583',1646,,1044,4,,,0
309,'1034584',1600,,1045,4,,,0
309,'1034585',1248,,1046,4,,,0
309,'1034586',1337,,1047,4,,,0
309,'1034587',1755,,1048,4,,,0
309,'1034589',911,,1049,4,,,0
309,'1034590',1930,,1050,4,,,0
309,'1034591',848,,1051,4,,,0
309,'1034593',1709,,1052,4,,,0
1209,'1033998',1228,,851,11,0,23,0
1209,'1034029',1612,,852,11,0,23,0
1209,'1034109',846,,854,11,0,23,0
1209,'1034290',1332,,860,11,0,23,0
1209,'1034406',950,,862,11,0,23,0
1209,'1034408',1054,,863,11,0,23,0
1209,'1034425',1717,,865,11,0,23,0
1209,'1034428',1437,,866,11,0,23,0
