609,'1033966',1945,,799,3,,,0
609,'1033975',1703,,800,3,,,0
609,'1033991',1518,,801,3,,,0
609,'1034042',1258,,803,3,,,0
609,'1034058',2019,,805,3,,,0
609,'1034116',1221,,809,3,,,0
609,'1034133',1408,,811,3,,,0
609,'1034135',1443,,812,3,,,0
609,'1034142',1918,,813,3,,,0
609,'1034159',1333,,814,3,,,0
609,'1034161',1628,,815,3,,,0
609,'1034178',1738,,816,3,,,0
609,'1034185',2046,,817,3,,,0
609,'1034269',835,,824,3,,,0
609,'1034299',940,,825,3,,,0
609,'1034301',1045,,826,3,,,0
609,'1034312',1553,,829,3,,,0
609,'1034321',1120,,830,3,,,0
609,'1034354',1813,,833,3,,,0
609,'1034655',1443,,1067,3,,,0
609,'1034656',1518,,1068,3,,,0
609,'1034660',2046,,1072,3,,,0
609,'1034661',1918,,1073,3,,,0
609,'1034662',1553,,1074,3,,,0
609,'1034663',1703,,1075,3,,,0
609,'1034669',1738,,1081,3,,,0
609,'1034672',1813,,1084,3,,,0
609,'1034674',2019,,1086,3,,,0
609,'1034675',1221,,1087,3,,,0
609,'1034677',1408,,1089,3,,,0
609,'1034678',1258,,1090,3,,,0
609,'1034681',835,,1093,3,,,0
609,'1034683',1120,,1095,3,,,0
609,'1034685',1333,,1097,3,,,0
609,'1034686',1045,,1098,3,,,0
609,'1034687',1945,,1099,3,,,0
609,'1034689',1628,,1101,3,,,0
609,'1034692',940,,1104,3,,,0
