409,'1033979',1001,,779,1,,,0
409,'1033994',1632,,780,1,,,0
409,'1034010',910,,781,6,4,,0
409,'1034046',1505,,782,9,4,,0
409,'1034047',1214,,783,9,4,,0
409,'1034084',1418,,784,9,4,,0
409,'1034099',1515,,785,1,,,0
409,'1034136',1038,,786,9,4,,0
409,'1034147',950,,787,9,4,,0
409,'1034154',1714,,788,1,,,0
409,'1034177',1331,,789,9,4,,0
409,'1034189',1254,,790,1,,,0
409,'1034197',1709,,791,9,4,,0
409,'1034298',1137,,792,1,,,0
409,'1034373',1552,,793,9,4,,0
409,'1034382',1428,,794,1,,,0
409,'1034436',1126,,795,9,4,,0
409,'1034451',1049,,796,1,,,0
409,'1034453',914,,797,1,,,0
409,'1034474',1341,,798,1,,,0
