609,'1034022',1815,,802,4,0,22,0
609,'1034050',1121,,804,4,0,22,0
609,'1034059',1016,,806,4,0,22,0
609,'1034080',911,,807,4,0,22,0
609,'1034103',1705,,808,4,0,22,0
609,'1034121',1410,,810,4,0,22,0
609,'1034190',1520,,818,4,0,22,0
609,'1034211',1225,,819,4,0,22,0
609,'1034242',1740,,820,4,0,22,0
609,'1034246',1630,,821,4,0,22,0
609,'1034257',2016,,822,4,0,22,0
609,'1034267',1300,,823,4,0,22,0
609,'1034309',1915,,827,4,0,22,0
609,'1034310',1051,,828,4,0,22,0
609,'1034330',1445,,831,4,0,22,0
609,'1034349',1335,,832,4,0,22,0
609,'1034407',806,,834,4,0,22,0
609,'1034449',1555,,835,4,0,22,0
609,'1034458',1949,,836,4,0,22,0
