20000509,'1032746',706,,438,10,,,0
20000509,'1032748',1755,,439,10,,,0
20000509,'1032749',2258,,440,10,,,0
20000509,'1032750',2221,,441,10,,,0
20000509,'1032751',2105,,442,10,,,0
20000509,'1032752',1355,,443,10,,,0
20000509,'1032756',2025,,444,10,,,0
20000509,'1032757',1435,,445,10,,,0
20000509,'1032760',930,,446,10,,,0
20000509,'1032761',1117,,447,10,,,0
20000509,'1032765',1915,,448,10,,,0
20000509,'1032768',1835,,449,10,,,0
20000509,'1032777',1715,,450,10,,,0
20000509,'1032778',1635,,451,10,,,0
20000509,'1032782',818,,453,10,,,0
20000509,'1032783',742,,454,10,,,0
20000509,'1032787',854,,455,10,,,0
20000509,'1032789',2144,,456,10,,,0
20000509,'1032790',1156,,457,10,,,0
20000509,'1032792',1515,,458,10,,,0
20000509,'1032796',1315,,459,10,,,0
20000509,'1032801',2335,,460,10,,,0
20000509,'1032804',1008,,461,10,,,0
20000509,'1032807',630,,462,10,,,0
20000509,'1032809',1555,,463,10,,,0
20000509,'1032816',1235,,464,10,,,0
20000509,'1032817',2412,,465,10,,,0
