20000509,'1033977',1446,,925,4,0,9 10,0
20000509,'1033982',827,,926,4,0,9 10,0
20000509,'1033995',2116,,928,4,0,9 10,0
20000509,'1034075',940,,933,4,0,9 10,0
20000509,'1034079',1326,,934,4,0,9 10,0
20000509,'1034092',603,,936,4,0,9 10,0
20000509,'1034098',1526,,938,4,0,9 10,0
20000509,'1034119',1646,,939,4,0,9 10,0
20000509,'1034137',1207,,941,4,0,9 10,0
20000509,'1034150',1846,,942,4,0,9 10,0
20000509,'1034165',2036,,944,4,0,9 10,0
20000509,'1034203',1926,,947,4,0,9 10,0
20000509,'1034213',751,,949,4,0,9 10,0
20000509,'1034236',1019,,952,4,0,9 10,0
20000509,'1034256',715,,953,4,0,9 10,0
20000509,'1034264',1406,,954,4,0,9 10,0
20000509,'1034274',1128,,955,4,0,9 10,0
20000509,'1034279',1246,,956,4,0,9 10,0
20000509,'1034318',2309,,962,4,0,9 10,0
20000509,'1034341',639,,964,4,0,9 10,0
20000509,'1034344',2346,,965,4,0,9 10,0
20000509,'1034360',1606,,967,4,0,9 10,0
20000509,'1034392',1726,,969,4,0,9 10,0
20000509,'1034401',1806,,970,4,0,9 10,0
20000509,'1034412',2232,,973,4,0,9 10,0
20000509,'1034421',903,,974,4,0,9 10,0
20000509,'1034456',2155,,977,4,0,9 10,0
