'1032034',20260505,1,20260506,1,20260507,1,20260508,1,20260509,1,20260510,1,20260511,1,20260512,1
'1032043',20260505,1,20260506,1,20260507,1,20260508,1,20260509,1,20260510,1,20260511,1,20260512,1
'1032044',20260505,1,20260506,1,20260507,1,20260508,1,20260509,1,20260510,1,20260511,1,20260512,1
'1032047',20260505,1,20260506,1,20260507,1,20260508,1,20260509,1,20260510,1,20260511,1,20260512,1
'1032050',20260505,1,20260506,1,20260507,1,20260508,1,20260509,1,20260510,1,20260511,1,20260512,1
'1032051',20260505,1,20260506,1,20260507,1,20260508,1,20260509,1,20260510,1,20260511,1,20260512,1
'1032056',20260509,1,20260510,1
'1032057',20260505,1,20260506,1,20260507,1,20260508,1,20260509,1,20260510,1,20260511,1,20260512,1
'1032059',20260505,1,20260506,1,20260507,1,20260508,1,20260509,1,20260510,1,20260511,1,20260512,1
'1032063',20260505,1,20260506,1,20260507,1,20260508,1,20260509,1,20260510,1,20260511,1,20260512,1
'1032072',20260509,1,20260510,1
'1032073',20260509,1,20260510,1
'1032075',20260505,1,20260506,1,20260507,1,20260508,1,20260509,1,20260510,1,20260511,1,20260512,1
'1032077',20260505,1,20260506,1,20260507,1,20260508,1,20260509,1,20260510,1,20260511,1,20260512,1
'1032080',20260505,1,20260506,1,20260507,1,20260508,1,20260509,1,20260510,1,20260511,1,20260512,1
'1032088',20260505,1,20260506,1,20260507,1,20260508,1,20260509,1,20260510,1,20260511,1,20260512,1
'1032089',20260509,1,20260510,1
'1032090',20260505,1,20260506,1,20260507,1,20260508,1,20260509,1,20260510,1,20260511,1,20260512,1
'1032092',20260505,1,20260506,1,20260507,1,20260508,1,20260509,1,20260510,1,20260511,1,20260512,1
'1032094',20260505,1,20260506,1,20260507,1,20260508,1,20260509,1,20260510,1,20260511,1,20260512,1
'1032095',20260509,1,20260510,1
'1032096',20260505,1,20260506,1,20260507,1,20260508,1,20260509,1,20260510,1,20260511,1,20260512,1
'1032107',20260505,1,20260506,1,20260507,1,20260508,1,20260509,1,20260510,1,20260511,1,20260512,1
'1032110',20260505,1,20260506,1,20260507,1,20260508,1,20260509,1,20260510,1,20260511,1,20260512,1
'1032111',20260505,1,20260506,1,20260507,1,20260508,1,20260509,1,20260510,1,20260511,1,20260512,1
'1032115',20260505,1,20260506,1,20260507,1,20260508,1,20260509,1,20260510,1,20260511,1,20260512,1
'1032124',20260505,1,20260506,1,20260507,1,20260508,1,20260509,1,20260510,1,20260511,1,20260512,1
'1032125',20260505,1,20260506,1,20260507,1,20260508,1,20260509,1,20260510,1,20260511,1,20260512,1
'1032127',20260505,1,20260506,1,20260507,1,20260508,1,20260509,1,20260510,1,20260511,1,20260512,1
'1032134',20260505,1,20260506,1,20260507,1,20260508,1,20260509,1,20260510,1,20260511,1,20260512,1
'1032135',20260509,1,20260510,1
'1032138',20260505,1,20260506,1,20260507,1,20260508,1,20260509,1,20260510,1,20260511,1,20260512,1
'1032141',20260505,1,20260506,1,20260507,1,20260508,1,20260509,1,20260510,1,20260511,1,20260512,1
'1032145',20260509,1,20260510,1
'1032150',20260505,1,20260506,1,20260507,1,20260508,1,20260509,1,20260510,1,20260511,1,20260512,1
'1032154',20260505,1,20260506,1,20260507,1,20260508,1,20260509,1,20260510,1,20260511,1,20260512,1
'1032166',20260505,1,20260506,1,20260507,1,20260508,1,20260509,1,20260510,1,20260511,1,20260512,1
'1032171',20260505,1,20260506,1,20260507,1,20260508,1,20260509,1,20260510,1,20260511,1,20260512,1
'1032174',20260505,1,20260506,1,20260507,1,20260508,1,20260509,1,20260510,1,20260511,1,20260512,1
'1032176',20260505,1,20260506,1,20260507,1,20260508,1,20260509,1,20260510,1,20260511,1,20260512,1
'1032178',20260505,1,20260506,1,20260507,1,20260508,1,20260509,1,20260510,1,20260511,1,20260512,1
'1032180',20260505,1,20260506,1,20260507,1,20260508,1,20260509,1,20260510,1,20260511,1,20260512,1
'1032182',20260505,1,20260506,1,20260507,1,20260508,1,20260509,1,20260510,1,20260511,1,20260512,1
'1032188',20260505,1,20260506,1,20260507,1,20260508,1,20260509,1,20260510,1,20260511,1,20260512,1
'1032189',20260509,1,20260510,1
'1032190',20260505,1,20260506,1,20260507,1,20260508,1,20260509,1,20260510,1,20260511,1,20260512,1
'1032191',20260505,1,20260506,1,20260507,1,20260508,1,20260509,1,20260510,1,20260511,1,20260512,1
'1032197',20260505,1,20260506,1,20260507,1,20260508,1,20260509,1,20260510,1,20260511,1,20260512,1
'1032199',20260505,1,20260506,1,20260507,1,20260508,1,20260509,1,20260510,1,20260511,1,20260512,1
'1032208',20260505,1,20260506,1,20260507,1,20260508,1,20260509,1,20260510,1,20260511,1,20260512,1
'1032210',20260505,1,20260506,1,20260507,1,20260508,1,20260509,1,20260510,1,20260511,1,20260512,1
'1032211',20260505,1,20260506,1,20260507,1,20260508,1,20260509,1,20260510,1,20260511,1,20260512,1
'1032212',20260505,1,20260506,1,20260507,1,20260508,1,20260509,1,20260510,1,20260511,1,20260512,1
'1032214',20260505,1,20260506,1,20260507,1,20260508,1,20260509,1,20260510,1,20260511,1,20260512,1
'1032215',20260505,1,20260506,1,20260507,1,20260508,1,20260509,1,20260510,1,20260511,1,20260512,1
'1032216',20260505,1,20260506,1,20260507,1,20260508,1,20260509,1,20260510,1,20260511,1,20260512,1
'1032217',20260505,1,20260506,1,20260507,1,20260508,1,20260509,1,20260510,1,20260511,1,20260512,1
'1032219',20260505,1,20260506,1,20260507,1,20260508,1,20260509,1,20260510,1,20260511,1,20260512,1
'1032221',20260505,1,20260506,1,20260507,1,20260508,1,20260509,1,20260510,1,20260511,1,20260512,1
'1032223',20260505,1,20260506,1,20260507,1,20260508,1,20260509,1,20260510,1,20260511,1,20260512,1
'1032224',20260505,1,20260506,1,20260507,1,20260508,1,20260509,1,20260510,1,20260511,1,20260512,1
'1032229',20260505,1,20260506,1,20260507,1,20260508,1,20260509,1,20260510,1,20260511,1,20260512,1
'1032230',20260505,1,20260506,1,20260507,1,20260508,1,20260509,1,20260510,1,20260511,1,20260512,1
'1032231',20260505,1,20260506,1,20260507,1,20260508,1,20260509,1,20260510,1,20260511,1,20260512,1
'1032234',20260505,1,20260506,1,20260507,1,20260508,1,20260509,1,20260510,1,20260511,1,20260512,1
'1032235',20260505,1,20260506,1,20260507,1,20260508,1,20260509,1,20260510,1,20260511,1,20260512,1
'1032236',20260505,1,20260506,1,20260507,1,20260508,1,20260509,1,20260510,1,20260511,1,20260512,1
'1032237',20260505,1,20260506,1,20260507,1,20260508,1,20260509,1,20260510,1,20260511,1,20260512,1
'1032239',20260505,1,20260506,1,20260507,1,20260508,1,20260509,1,20260510,1,20260511,1,20260512,1
'1032241',20260505,1,20260506,1,20260507,1,20260508,1,20260509,1,20260510,1,20260511,1,20260512,1
'1032243',20260505,1,20260506,1,20260507,1,20260508,1,20260509,1,20260510,1,20260511,1,20260512,1
'1032245',20260505,1,20260506,1,20260507,1,20260508,1,20260509,1,20260510,1,20260511,1,20260512,1
'1032246',20260505,1,20260506,1,20260507,1,20260508,1,20260509,1,20260510,1,20260511,1,20260512,1
'1032247',20260505,1,20260506,1,20260507,1,20260508,1,20260509,1,20260510,1,20260511,1,20260512,1
'1032248',20260505,1,20260506,1,20260507,1,20260508,1,20260509,1,20260510,1,20260511,1,20260512,1
'1032249',20260505,1,20260506,1,20260507,1,20260508,1,20260509,1,20260510,1,20260511,1,20260512,1
'1032250',20260505,1,20260506,1,20260507,1,20260508,1,20260509,1,20260510,1,20260511,1,20260512,1
'1032251',20260505,1,20260506,1,20260507,1,20260508,1,20260509,1,20260510,1,20260511,1,20260512,1
'1032252',20260505,1,20260506,1,20260507,1,20260508,1,20260509,1,20260510,1,20260511,1,20260512,1
'1032253',20260505,1,20260506,1,20260507,1,20260508,1,20260509,1,20260510,1,20260511,1,20260512,1
'1032254',20260505,1,20260506,1,20260507,1,20260508,1,20260509,1,20260510,1,20260511,1,20260512,1
'1032255',20260505,1,20260506,1,20260507,1,20260508,1,20260509,1,20260510,1,20260511,1,20260512,1
'1032257',20260505,1,20260506,1,20260507,1,20260508,1,20260509,1,20260510,1,20260511,1,20260512,1
'1032259',20260505,1,20260506,1,20260507,1,20260508,1,20260509,1,20260510,1,20260511,1,20260512,1
'1032261',20260505,1,20260506,1,20260507,1,20260508,1,20260509,1,20260510,1,20260511,1,20260512,1
'1032263',20260505,1,20260506,1,20260507,1,20260508,1,20260509,1,20260510,1,20260511,1,20260512,1
'1032264',20260505,1,20260506,1,20260507,1,20260508,1,20260509,1,20260510,1,20260511,1,20260512,1
'1032267',20260505,1,20260506,1,20260507,1,20260508,1,20260509,1,20260510,1,20260511,1,20260512,1
'1032268',20260505,1,20260506,1,20260507,1,20260508,1,20260509,1,20260510,1,20260511,1,20260512,1
'1032273',20260505,1,20260506,1,20260507,1,20260508,1,20260509,1,20260510,1,20260511,1,20260512,1
'1032274',20260505,1,20260506,1,20260507,1,20260508,1,20260509,1,20260510,1,20260511,1,20260512,1
'1032275',20260505,1,20260506,1,20260507,1,20260508,1,20260509,1,20260510,1,20260511,1,20260512,1
'1032277',20260505,1,20260506,1,20260507,1,20260508,1,20260509,1,20260510,1,20260511,1,20260512,1
'1032278',20260505,1,20260506,1,20260507,1,20260508,1,20260509,1,20260510,1,20260511,1,20260512,1
'1032279',20260505,1,20260506,1,20260507,1,20260508,1,20260509,1,20260510,1,20260511,1,20260512,1
'1032280',20260505,1,20260506,1,20260507,1,20260508,1,20260509,1,20260510,1,20260511,1,20260512,1
'1032281',20260505,1,20260506,1,20260507,1,20260508,1,20260509,1,20260510,1,20260511,1,20260512,1
'1032282',20260505,1,20260506,1,20260507,1,20260508,1,20260509,1,20260510,1,20260511,1,20260512,1
'1032283',20260505,1,20260506,1,20260507,1,20260508,1,20260509,1,20260510,1,20260511,1,20260512,1
'1032284',20260505,1,20260506,1,20260507,1,20260508,1,20260509,1,20260510,1,20260511,1,20260512,1
'1032285',20260505,1,20260506,1,20260507,1,20260508,1,20260509,1,20260510,1,20260511,1,20260512,1
'1032286',20260505,1,20260506,1,20260507,1,20260508,1,20260509,1,20260510,1,20260511,1,20260512,1
'1032287',20260505,1,20260506,1,20260507,1,20260508,1,20260509,1,20260510,1,20260511,1,20260512,1
'1032288',20260505,1,20260506,1,20260507,1,20260508,1,20260509,1,20260510,1,20260511,1,20260512,1
'1032289',20260505,1,20260506,1,20260507,1,20260508,1,20260509,1,20260510,1,20260511,1,20260512,1
'1032290',20260505,1,20260506,1,20260507,1,20260508,1,20260509,1,20260510,1,20260511,1,20260512,1
'1032292',20260505,1,20260506,1,20260507,1,20260508,1,20260509,1,20260510,1,20260511,1,20260512,1
'1032294',20260505,1,20260506,1,20260507,1,20260508,1,20260509,1,20260510,1,20260511,1,20260512,1
'1032295',20260505,1,20260506,1,20260507,1,20260508,1,20260509,1,20260510,1,20260511,1,20260512,1
'1032296',20260505,1,20260506,1,20260507,1,20260508,1,20260509,1,20260510,1,20260511,1,20260512,1
'1032298',20260505,1,20260506,1,20260507,1,20260508,1,20260509,1,20260510,1,20260511,1,20260512,1
'1032299',20260505,1,20260506,1,20260507,1,20260508,1,20260509,1,20260510,1,20260511,1,20260512,1
'1032300',20260505,1,20260506,1,20260507,1,20260508,1,20260509,1,20260510,1,20260511,1,20260512,1
'1032301',20260505,1,20260506,1,20260507,1,20260508,1,20260509,1,20260510,1,20260511,1,20260512,1
'1032302',20260505,1,20260506,1,20260507,1,20260508,1,20260509,1,20260510,1,20260511,1,20260512,1
'1032303',20260505,1,20260506,1,20260507,1,20260508,1,20260509,1,20260510,1,20260511,1,20260512,1
'1032304',20260505,1,20260506,1,20260507,1,20260508,1,20260509,1,20260510,1,20260511,1,20260512,1
'1032306',20260505,1,20260506,1,20260507,1,20260508,1,20260509,1,20260510,1,20260511,1,20260512,1
'1032307',20260505,1,20260506,1,20260507,1,20260508,1,20260509,1,20260510,1,20260511,1,20260512,1
'1032308',20260505,1,20260506,1,20260507,1,20260508,1,20260509,1,20260510,1,20260511,1,20260512,1
'1032309',20260505,1,20260506,1,20260507,1,20260508,1,20260509,1,20260510,1,20260511,1,20260512,1
'1032310',20260505,1,20260506,1,20260507,1,20260508,1,20260509,1,20260510,1,20260511,1,20260512,1
'1032311',20260505,1,20260506,1,20260507,1,20260508,1,20260509,1,20260510,1,20260511,1,20260512,1
'1032312',20260505,1,20260506,1,20260507,1,20260508,1,20260509,1,20260510,1,20260511,1,20260512,1
'1032315',20260505,1,20260506,1,20260507,1,20260508,1,20260509,1,20260510,1,20260511,1,20260512,1
'1032317',20260505,1,20260506,1,20260507,1,20260508,1,20260509,1,20260510,1,20260511,1,20260512,1
'1032318',20260505,1,20260506,1,20260507,1,20260508,1,20260509,1,20260510,1,20260511,1,20260512,1
'1032319',20260505,1,20260506,1,20260507,1,20260508,1,20260509,1,20260510,1,20260511,1,20260512,1
'1032320',20260505,1,20260506,1,20260507,1,20260508,1,20260509,1,20260510,1,20260511,1,20260512,1
'1032321',20260505,1,20260506,1,20260507,1,20260508,1,20260509,1,20260510,1,20260511,1,20260512,1
'1032322',20260505,1,20260506,1,20260507,1,20260508,1,20260509,1,20260510,1,20260511,1,20260512,1
'1032324',20260505,1,20260506,1,20260507,1,20260508,1,20260509,1,20260510,1,20260511,1,20260512,1
'1032327',20260505,1,20260506,1,20260507,1,20260508,1,20260509,1,20260510,1,20260511,1,20260512,1
'1032328',20260505,1,20260506,1,20260507,1,20260508,1,20260509,1,20260510,1,20260511,1,20260512,1
'1032329',20260505,1,20260506,1,20260507,1,20260508,1,20260509,1,20260510,1,20260511,1,20260512,1
'1032330',20260505,1,20260506,1,20260507,1,20260508,1,20260509,1,20260510,1,20260511,1,20260512,1
'1032331',20260505,1,20260506,1,20260507,1,20260508,1,20260509,1,20260510,1,20260511,1,20260512,1
'1032332',20260505,1,20260506,1,20260507,1,20260508,1,20260509,1,20260510,1,20260511,1,20260512,1
'1032333',20260505,1,20260506,1,20260507,1,20260508,1,20260509,1,20260510,1,20260511,1,20260512,1
'1032334',20260505,1,20260506,1,20260507,1,20260508,1,20260509,1,20260510,1,20260511,1,20260512,1
'1032335',20260505,1,20260506,1,20260507,1,20260508,1,20260509,1,20260510,1,20260511,1,20260512,1
'1032336',20260505,1,20260506,1,20260507,1,20260508,1,20260509,1,20260510,1,20260511,1,20260512,1
'1032338',20260505,1,20260506,1,20260507,1,20260508,1,20260509,1,20260510,1,20260511,1,20260512,1
'1032339',20260505,1,20260506,1,20260507,1,20260508,1,20260509,1,20260510,1,20260511,1,20260512,1
'1032341',20260505,1,20260506,1,20260507,1,20260508,1,20260509,1,20260510,1,20260511,1,20260512,1
'1032342',20260505,1,20260506,1,20260507,1,20260508,1,20260509,1,20260510,1,20260511,1,20260512,1
'1032343',20260505,1,20260506,1,20260507,1,20260508,1,20260509,1,20260510,1,20260511,1,20260512,1
'1032347',20260505,1,20260506,1,20260507,1,20260508,1,20260509,1,20260510,1,20260511,1,20260512,1
'1032350',20260505,1,20260506,1,20260507,1,20260508,1,20260509,1,20260510,1,20260511,1,20260512,1
'1032355',20260505,1,20260506,1,20260507,1,20260508,1,20260509,1,20260510,1,20260511,1,20260512,1
'1032356',20260505,1,20260506,1,20260507,1,20260508,1,20260509,1,20260510,1,20260511,1,20260512,1
'1032357',20260505,1,20260506,1,20260507,1,20260508,1,20260509,1,20260510,1,20260511,1,20260512,1
'1032358',20260505,1,20260506,1,20260507,1,20260508,1,20260509,1,20260510,1,20260511,1,20260512,1
'1032359',20260505,1,20260506,1,20260507,1,20260508,1,20260509,1,20260510,1,20260511,1,20260512,1
'1032360',20260505,1,20260506,1,20260507,1,20260508,1,20260509,1,20260510,1,20260511,1,20260512,1
'1032362',20260505,1,20260506,1,20260507,1,20260508,1,20260509,1,20260510,1,20260511,1,20260512,1
'1032363',20260505,1,20260506,1,20260507,1,20260508,1,20260509,1,20260510,1,20260511,1,20260512,1
'1032364',20260505,1,20260506,1,20260507,1,20260508,1,20260509,1,20260510,1,20260511,1,20260512,1
'1032366',20260505,1,20260506,1,20260507,1,20260508,1,20260509,1,20260510,1,20260511,1,20260512,1
'1032367',20260505,1,20260506,1,20260507,1,20260508,1,20260509,1,20260510,1,20260511,1,20260512,1
'1032369',20260505,1,20260506,1,20260507,1,20260508,1,20260509,1,20260510,1,20260511,1,20260512,1
'1032370',20260505,1,20260506,1,20260507,1,20260508,1,20260509,1,20260510,1,20260511,1,20260512,1
'1032373',20260505,1,20260506,1,20260507,1,20260508,1,20260509,1,20260510,1,20260511,1,20260512,1
'1032374',20260505,1,20260506,1,20260507,1,20260508,1,20260509,1,20260510,1,20260511,1,20260512,1
'1032375',20260505,1,20260506,1,20260507,1,20260508,1,20260509,1,20260510,1,20260511,1,20260512,1
'1032377',20260505,1,20260506,1,20260507,1,20260508,1,20260509,1,20260510,1,20260511,1,20260512,1
'1032379',20260505,1,20260506,1,20260507,1,20260508,1,20260509,1,20260510,1,20260511,1,20260512,1
'1032381',20260505,1,20260506,1,20260507,1,20260508,1,20260509,1,20260510,1,20260511,1,20260512,1
'1032382',20260505,1,20260506,1,20260507,1,20260508,1,20260509,1,20260510,1,20260511,1,20260512,1
'1032385',20260505,1,20260506,1,20260507,1,20260508,1,20260509,1,20260510,1,20260511,1,20260512,1
'1032389',20260505,1,20260506,1,20260507,1,20260508,1,20260509,1,20260510,1,20260511,1,20260512,1
'1032395',20260505,1,20260506,1,20260507,1,20260508,1,20260509,1,20260510,1,20260511,1,20260512,1
'1032396',20260505,1,20260506,1,20260507,1,20260508,1,20260509,1,20260510,1,20260511,1,20260512,1
'1032397',20260505,1,20260506,1,20260507,1,20260508,1,20260509,1,20260510,1,20260511,1,20260512,1
'1032398',20260505,1,20260506,1,20260507,1,20260508,1,20260509,1,20260510,1,20260511,1,20260512,1
'1032399',20260505,1,20260506,1,20260507,1,20260508,1,20260509,1,20260510,1,20260511,1,20260512,1
'1032400',20260505,1,20260506,1,20260507,1,20260508,1,20260509,1,20260510,1,20260511,1,20260512,1
'1032402',20260505,1,20260506,1,20260507,1,20260508,1,20260509,1,20260510,1,20260511,1,20260512,1
'1032403',20260505,1,20260506,1,20260507,1,20260508,1,20260509,1,20260510,1,20260511,1,20260512,1
'1032404',20260505,1,20260506,1,20260507,1,20260508,1,20260509,1,20260510,1,20260511,1,20260512,1
'1032406',20260505,1,20260506,1,20260507,1,20260508,1,20260509,1,20260510,1,20260511,1,20260512,1
'1032407',20260505,1,20260506,1,20260507,1,20260508,1,20260509,1,20260510,1,20260511,1,20260512,1
'1032409',20260505,1,20260506,1,20260507,1,20260508,1,20260509,1,20260510,1,20260511,1,20260512,1
'1032411',20260505,1,20260506,1,20260507,1,20260508,1,20260509,1,20260510,1,20260511,1,20260512,1
'1032412',20260505,1,20260506,1,20260507,1,20260508,1,20260509,1,20260510,1,20260511,1,20260512,1
'1032415',20260505,1,20260506,1,20260507,1,20260508,1,20260509,1,20260510,1,20260511,1,20260512,1
'1032416',20260505,1,20260506,1,20260507,1,20260508,1,20260509,1,20260510,1,20260511,1,20260512,1
'1032417',20260505,1,20260506,1,20260507,1,20260508,1,20260509,1,20260510,1,20260511,1,20260512,1
'1032418',20260505,1,20260506,1,20260507,1,20260508,1,20260509,1,20260510,1,20260511,1,20260512,1
'1032421',20260505,1,20260506,1,20260507,1,20260508,1,20260509,1,20260510,1,20260511,1,20260512,1
'1032423',20260505,1,20260506,1,20260507,1,20260508,1,20260509,1,20260510,1,20260511,1,20260512,1
'1032424',20260505,1,20260506,1,20260507,1,20260508,1,20260509,1,20260510,1,20260511,1,20260512,1
'1032426',20260505,1,20260506,1,20260507,1,20260508,1,20260509,1,20260510,1,20260511,1,20260512,1
'1032430',20260505,1,20260506,1,20260507,1,20260508,1,20260509,1,20260510,1,20260511,1,20260512,1
'1032431',20260505,1,20260506,1,20260507,1,20260508,1,20260509,1,20260510,1,20260511,1,20260512,1
'1032432',20260505,1,20260506,1,20260507,1,20260508,1,20260509,1,20260510,1,20260511,1,20260512,1
'1032434',20260505,1,20260506,1,20260507,1,20260508,1,20260509,1,20260510,1,20260511,1,20260512,1
'1032436',20260505,1,20260506,1,20260507,1,20260508,1,20260509,1,20260510,1,20260511,1,20260512,1
'1032437',20260505,1,20260506,1,20260507,1,20260508,1,20260509,1,20260510,1,20260511,1,20260512,1
'1032438',20260505,1,20260506,1,20260507,1,20260508,1,20260509,1,20260510,1,20260511,1,20260512,1
'1032440',20260505,1,20260506,1,20260507,1,20260508,1,20260509,1,20260510,1,20260511,1,20260512,1
'1032441',20260505,1,20260506,1,20260507,1,20260508,1,20260509,1,20260510,1,20260511,1,20260512,1
'1032442',20260505,1,20260506,1,20260507,1,20260508,1,20260509,1,20260510,1,20260511,1,20260512,1
'1032443',20260505,1,20260506,1,20260507,1,20260508,1,20260509,1,20260510,1,20260511,1,20260512,1
'1032445',20260505,1,20260506,1,20260507,1,20260508,1,20260509,1,20260510,1,20260511,1,20260512,1
'1032446',20260505,1,20260506,1,20260507,1,20260508,1,20260509,1,20260510,1,20260511,1,20260512,1
'1032447',20260505,1,20260506,1,20260507,1,20260508,1,20260509,1,20260510,1,20260511,1,20260512,1
'1032448',20260505,1,20260506,1,20260507,1,20260508,1,20260509,1,20260510,1,20260511,1,20260512,1
'1032449',20260505,1,20260506,1,20260507,1,20260508,1,20260509,1,20260510,1,20260511,1,20260512,1
'1032450',20260505,1,20260506,1,20260507,1,20260508,1,20260509,1,20260510,1,20260511,1,20260512,1
'1032451',20260505,1,20260506,1,20260507,1,20260508,1,20260509,1,20260510,1,20260511,1,20260512,1
'1032452',20260505,1,20260506,1,20260507,1,20260508,1,20260509,1,20260510,1,20260511,1,20260512,1
'1032453',20260505,1,20260506,1,20260507,1,20260508,1,20260509,1,20260510,1,20260511,1,20260512,1
'1032456',20260505,1,20260506,1,20260507,1,20260508,1,20260509,1,20260510,1,20260511,1,20260512,1
'1032457',20260505,1,20260506,1,20260507,1,20260508,1,20260509,1,20260510,1,20260511,1,20260512,1
'1032458',20260505,1,20260506,1,20260507,1,20260508,1,20260509,1,20260510,1,20260511,1,20260512,1
'1032459',20260505,1,20260506,1,20260507,1,20260508,1,20260509,1,20260510,1,20260511,1,20260512,1
'1032460',20260505,1,20260506,1,20260507,1,20260508,1,20260509,1,20260510,1,20260511,1,20260512,1
'1032461',20260505,1,20260506,1,20260507,1,20260508,1,20260509,1,20260510,1,20260511,1,20260512,1
'1032462',20260505,1,20260506,1,20260507,1,20260508,1,20260509,1,20260510,1,20260511,1,20260512,1
'1032463',20260505,1,20260506,1,20260507,1,20260508,1,20260509,1,20260510,1,20260511,1,20260512,1
'1032465',20260505,1,20260506,1,20260507,1,20260508,1,20260509,1,20260510,1,20260511,1,20260512,1
'1032466',20260505,1,20260506,1,20260507,1,20260508,1,20260509,1,20260510,1,20260511,1,20260512,1
'1032468',20260505,1,20260506,1,20260507,1,20260508,1,20260509,1,20260510,1,20260511,1,20260512,1
'1032469',20260505,1,20260506,1,20260507,1,20260508,1,20260509,1,20260510,1,20260511,1,20260512,1
'1032471',20260505,1,20260506,1,20260507,1,20260508,1,20260509,1,20260510,1,20260511,1,20260512,1
'1032472',20260505,1,20260506,1,20260507,1,20260508,1,20260509,1,20260510,1,20260511,1,20260512,1
'1032473',20260505,1,20260506,1,20260507,1,20260508,1,20260509,1,20260510,1,20260511,1,20260512,1
'1032474',20260505,1,20260506,1,20260507,1,20260508,1,20260509,1,20260510,1,20260511,1,20260512,1
'1032475',20260505,1,20260506,1,20260507,1,20260508,1,20260509,1,20260510,1,20260511,1,20260512,1
'1032476',20260505,1,20260506,1,20260507,1,20260508,1,20260509,1,20260510,1,20260511,1,20260512,1
'1032479',20260505,1,20260506,1,20260507,1,20260508,1,20260509,1,20260510,1,20260511,1,20260512,1
'1032481',20260505,1,20260506,1,20260507,1,20260508,1,20260509,1,20260510,1,20260511,1,20260512,1
'1032482',20260505,1,20260506,1,20260507,1,20260508,1,20260509,1,20260510,1,20260511,1,20260512,1
'1032483',20260505,1,20260506,1,20260507,1,20260508,1,20260509,1,20260510,1,20260511,1,20260512,1
'1032484',20260505,1,20260506,1,20260507,1,20260508,1,20260509,1,20260510,1,20260511,1,20260512,1
'1032486',20260505,1,20260506,1,20260507,1,20260508,1,20260509,1,20260510,1,20260511,1,20260512,1
'1032487',20260505,1,20260506,1,20260507,1,20260508,1,20260509,1,20260510,1,20260511,1,20260512,1
'1032488',20260505,1,20260506,1,20260507,1,20260508,1,20260509,1,20260510,1,20260511,1,20260512,1
'1032491',20260505,1,20260506,1,20260507,1,20260508,1,20260509,1,20260510,1,20260511,1,20260512,1
'1032493',20260505,1,20260506,1,20260507,1,20260508,1,20260509,1,20260510,1,20260511,1,20260512,1
'1032494',20260505,1,20260506,1,20260507,1,20260508,1,20260509,1,20260510,1,20260511,1,20260512,1
'1032495',20260505,1,20260506,1,20260507,1,20260508,1,20260509,1,20260510,1,20260511,1,20260512,1
'1032496',20260505,1,20260506,1,20260507,1,20260508,1,20260509,1,20260510,1,20260511,1,20260512,1
'1032497',20260505,1,20260506,1,20260507,1,20260508,1,20260509,1,20260510,1,20260511,1,20260512,1
'1032499',20260505,1,20260506,1,20260507,1,20260508,1,20260509,1,20260510,1,20260511,1,20260512,1
'1032500',20260505,1,20260506,1,20260507,1,20260508,1,20260509,1,20260510,1,20260511,1,20260512,1
'1032501',20260505,1,20260506,1,20260507,1,20260508,1,20260509,1,20260510,1,20260511,1,20260512,1
'1032502',20260505,1,20260506,1,20260507,1,20260508,1,20260509,1,20260510,1,20260511,1,20260512,1
'1032503',20260505,1,20260506,1,20260507,1,20260508,1,20260509,1,20260510,1,20260511,1,20260512,1
'1032504',20260505,1,20260506,1,20260507,1,20260508,1,20260509,1,20260510,1,20260511,1,20260512,1
'1032508',20260505,1,20260506,1,20260507,1,20260508,1,20260509,1,20260510,1,20260511,1,20260512,1
'1032509',20260505,1,20260506,1,20260507,1,20260508,1,20260509,1,20260510,1,20260511,1,20260512,1
'1032510',20260505,1,20260506,1,20260507,1,20260508,1,20260509,1,20260510,1,20260511,1,20260512,1
'1032511',20260505,1,20260506,1,20260507,1,20260508,1,20260509,1,20260510,1,20260511,1,20260512,1
'1032512',20260505,1,20260506,1,20260507,1,20260508,1,20260509,1,20260510,1,20260511,1,20260512,1
'1032513',20260505,1,20260506,1,20260507,1,20260508,1,20260509,1,20260510,1,20260511,1,20260512,1
'1032514',20260505,1,20260506,1,20260507,1,20260508,1,20260509,1,20260510,1,20260511,1,20260512,1
'1032516',20260505,1,20260506,1,20260507,1,20260508,1,20260509,1,20260510,1,20260511,1,20260512,1
'1032518',20260505,1,20260506,1,20260507,1,20260508,1,20260509,1,20260510,1,20260511,1,20260512,1
'1032519',20260505,1,20260506,1,20260507,1,20260508,1,20260509,1,20260510,1,20260511,1,20260512,1
'1032520',20260505,1,20260506,1,20260507,1,20260508,1,20260509,1,20260510,1,20260511,1,20260512,1
'1032521',20260505,1,20260506,1,20260507,1,20260508,1,20260509,1,20260510,1,20260511,1,20260512,1
'1032522',20260505,1,20260506,1,20260507,1,20260508,1,20260509,1,20260510,1,20260511,1,20260512,1
'1032523',20260505,1,20260506,1,20260507,1,20260508,1,20260509,1,20260510,1,20260511,1,20260512,1
'1032524',20260505,1,20260506,1,20260507,1,20260508,1,20260509,1,20260510,1,20260511,1,20260512,1
'1032525',20260505,1,20260506,1,20260507,1,20260508,1,20260509,1,20260510,1,20260511,1,20260512,1
'1032526',20260505,1,20260506,1,20260507,1,20260508,1,20260509,1,20260510,1,20260511,1,20260512,1
'1032527',20260505,1,20260506,1,20260507,1,20260508,1,20260509,1,20260510,1,20260511,1,20260512,1
'1032528',20260505,1,20260506,1,20260507,1,20260508,1,20260509,1,20260510,1,20260511,1,20260512,1
'1032529',20260505,1,20260506,1,20260507,1,20260508,1,20260509,1,20260510,1,20260511,1,20260512,1
'1032530',20260505,1,20260506,1,20260507,1,20260508,1,20260509,1,20260510,1,20260511,1,20260512,1
'1032531',20260505,1,20260506,1,20260507,1,20260508,1,20260509,1,20260510,1,20260511,1,20260512,1
'1032532',20260505,1,20260506,1,20260507,1,20260508,1,20260509,1,20260510,1,20260511,1,20260512,1
'1032534',20260505,1,20260506,1,20260507,1,20260508,1,20260509,1,20260510,1,20260511,1,20260512,1
'1032535',20260505,1,20260506,1,20260507,1,20260508,1,20260509,1,20260510,1,20260511,1,20260512,1
'1032536',20260505,1,20260506,1,20260507,1,20260508,1,20260509,1,20260510,1,20260511,1,20260512,1
'1032537',20260505,1,20260506,1,20260507,1,20260508,1,20260509,1,20260510,1,20260511,1,20260512,1
'1032538',20260505,1,20260506,1,20260507,1,20260508,1,20260509,1,20260510,1,20260511,1,20260512,1
'1032539',20260505,1,20260506,1,20260507,1,20260508,1,20260509,1,20260510,1,20260511,1,20260512,1
'1032542',20260505,1,20260506,1,20260507,1,20260508,1,20260509,1,20260510,1,20260511,1,20260512,1
'1032544',20260505,1,20260506,1,20260507,1,20260508,1,20260509,1,20260510,1,20260511,1,20260512,1
'1032555',20260505,1,20260506,1,20260507,1,20260508,1,20260509,1,20260510,1,20260511,1,20260512,1
'1032556',20260505,1,20260506,1,20260507,1,20260508,1,20260509,1,20260510,1,20260511,1,20260512,1
'1032557',20260505,1,20260506,1,20260507,1,20260508,1,20260509,1,20260510,1,20260511,1,20260512,1
'1032558',20260505,1,20260506,1,20260507,1,20260508,1,20260509,1,20260510,1,20260511,1,20260512,1
'1032559',20260505,1,20260506,1,20260507,1,20260508,1,20260509,1,20260510,1,20260511,1,20260512,1
'1032560',20260505,1,20260506,1,20260507,1,20260508,1,20260509,1,20260510,1,20260511,1,20260512,1
'1032561',20260505,1,20260506,1,20260507,1,20260508,1,20260509,1,20260510,1,20260511,1,20260512,1
'1032562',20260505,1,20260506,1,20260507,1,20260508,1,20260509,1,20260510,1,20260511,1,20260512,1
'1032563',20260505,1,20260506,1,20260507,1,20260508,1,20260509,1,20260510,1,20260511,1,20260512,1
'1032565',20260505,1,20260506,1,20260507,1,20260508,1,20260509,1,20260510,1,20260511,1,20260512,1
'1032566',20260505,1,20260506,1,20260507,1,20260508,1,20260509,1,20260510,1,20260511,1,20260512,1
'1032567',20260505,1,20260506,1,20260507,1,20260508,1,20260509,1,20260510,1,20260511,1,20260512,1
'1032568',20260505,1,20260506,1,20260507,1,20260508,1,20260509,1,20260510,1,20260511,1,20260512,1
'1032569',20260505,1,20260506,1,20260507,1,20260508,1,20260509,1,20260510,1,20260511,1,20260512,1
'1032570',20260505,1,20260506,1,20260507,1,20260508,1,20260509,1,20260510,1,20260511,1,20260512,1
'1032571',20260505,1,20260506,1,20260507,1,20260508,1,20260509,1,20260510,1,20260511,1,20260512,1
'1032572',20260505,1,20260506,1,20260507,1,20260508,1,20260509,1,20260510,1,20260511,1,20260512,1
'1032573',20260505,1,20260506,1,20260507,1,20260508,1,20260509,1,20260510,1,20260511,1,20260512,1
'1032574',20260505,1,20260506,1,20260507,1,20260508,1,20260509,1,20260510,1,20260511,1,20260512,1
'1032575',20260505,1,20260506,1,20260507,1,20260508,1,20260509,1,20260510,1,20260511,1,20260512,1
'1032576',20260505,1,20260506,1,20260507,1,20260508,1,20260509,1,20260510,1,20260511,1,20260512,1
'1032577',20260505,1,20260506,1,20260507,1,20260508,1,20260509,1,20260510,1,20260511,1,20260512,1
'1032578',20260505,1,20260506,1,20260507,1,20260508,1,20260509,1,20260510,1,20260511,1,20260512,1
'1032579',20260505,1,20260506,1,20260507,1,20260508,1,20260509,1,20260510,1,20260511,1,20260512,1
'1032580',20260505,1,20260506,1,20260507,1,20260508,1,20260509,1,20260510,1,20260511,1,20260512,1
'1032581',20260505,1,20260506,1,20260507,1,20260508,1,20260509,1,20260510,1,20260511,1,20260512,1
'1032582',20260505,1,20260506,1,20260507,1,20260508,1,20260509,1,20260510,1,20260511,1,20260512,1
'1032584',20260505,1,20260506,1,20260507,1,20260508,1,20260509,1,20260510,1,20260511,1,20260512,1
'1032585',20260505,1,20260506,1,20260507,1,20260508,1,20260509,1,20260510,1,20260511,1,20260512,1
'1032586',20260505,1,20260506,1,20260507,1,20260508,1,20260509,1,20260510,1,20260511,1,20260512,1
'1032587',20260505,1,20260506,1,20260507,1,20260508,1,20260509,1,20260510,1,20260511,1,20260512,1
'1032588',20260505,1,20260506,1,20260507,1,20260508,1,20260509,1,20260510,1,20260511,1,20260512,1
'1032589',20260505,1,20260506,1,20260507,1,20260508,1,20260509,1,20260510,1,20260511,1,20260512,1
'1032590',20260505,1,20260506,1,20260507,1,20260508,1,20260509,1,20260510,1,20260511,1,20260512,1
'1032591',20260505,1,20260506,1,20260507,1,20260508,1,20260509,1,20260510,1,20260511,1,20260512,1
'1032592',20260505,1,20260506,1,20260507,1,20260508,1,20260509,1,20260510,1,20260511,1,20260512,1
'1032593',20260505,1,20260506,1,20260507,1,20260508,1,20260509,1,20260510,1,20260511,1,20260512,1
'1032594',20260505,1,20260506,1,20260507,1,20260508,1,20260509,1,20260510,1,20260511,1,20260512,1
'1032595',20260505,1,20260506,1,20260507,1,20260508,1,20260509,1,20260510,1,20260511,1,20260512,1
'1032596',20260505,1,20260506,1,20260507,1,20260508,1,20260509,1,20260510,1,20260511,1,20260512,1
'1032597',20260505,1,20260506,1,20260507,1,20260508,1,20260509,1,20260510,1,20260511,1,20260512,1
'1032598',20260505,1,20260506,1,20260507,1,20260508,1,20260509,1,20260510,1,20260511,1,20260512,1
'1032599',20260505,1,20260506,1,20260507,1,20260508,1,20260509,1,20260510,1,20260511,1,20260512,1
'1032600',20260505,1,20260506,1,20260507,1,20260508,1,20260509,1,20260510,1,20260511,1,20260512,1
'1032601',20260505,1,20260506,1,20260507,1,20260508,1,20260509,1,20260510,1,20260511,1,20260512,1
'1032602',20260505,1,20260506,1,20260507,1,20260508,1,20260509,1,20260510,1,20260511,1,20260512,1
'1032603',20260505,1,20260506,1,20260507,1,20260508,1,20260509,1,20260510,1,20260511,1,20260512,1
'1032604',20260505,1,20260506,1,20260507,1,20260508,1,20260509,1,20260510,1,20260511,1,20260512,1
'1032605',20260505,1,20260506,1,20260507,1,20260508,1,20260509,1,20260510,1,20260511,1,20260512,1
'1032606',20260505,1,20260506,1,20260507,1,20260508,1,20260509,1,20260510,1,20260511,1,20260512,1
'1032607',20260505,1,20260506,1,20260507,1,20260508,1,20260509,1,20260510,1,20260511,1,20260512,1
'1032608',20260505,1,20260506,1,20260507,1,20260508,1,20260509,1,20260510,1,20260511,1,20260512,1
'1032609',20260505,1,20260506,1,20260507,1,20260508,1,20260509,1,20260510,1,20260511,1,20260512,1
'1032610',20260505,1,20260506,1,20260507,1,20260508,1,20260509,1,20260510,1,20260511,1,20260512,1
'1032611',20260505,1,20260506,1,20260507,1,20260508,1,20260509,1,20260510,1,20260511,1,20260512,1
'1032612',20260505,1,20260506,1,20260507,1,20260508,1,20260509,1,20260510,1,20260511,1,20260512,1
'1032613',20260505,1,20260506,1,20260507,1,20260508,1,20260509,1,20260510,1,20260511,1,20260512,1
'1032614',20260505,1,20260506,1,20260507,1,20260508,1,20260509,1,20260510,1,20260511,1,20260512,1
'1032615',20260505,1,20260506,1,20260507,1,20260508,1,20260509,1,20260510,1,20260511,1,20260512,1
'1032616',20260505,1,20260506,1,20260507,1,20260508,1,20260509,1,20260510,1,20260511,1,20260512,1
'1032617',20260505,1,20260506,1,20260507,1,20260508,1,20260509,1,20260510,1,20260511,1,20260512,1
'1032622',20260505,1,20260506,1,20260507,1,20260508,1,20260509,1,20260510,1,20260511,1,20260512,1
'1032623',20260505,1,20260506,1,20260507,1,20260508,1,20260509,1,20260510,1,20260511,1,20260512,1
'1032624',20260505,1,20260506,1,20260507,1,20260508,1,20260509,1,20260510,1,20260511,1,20260512,1
'1032625',20260505,1,20260506,1,20260507,1,20260508,1,20260509,1,20260510,1,20260511,1,20260512,1
'1032626',20260505,1,20260506,1,20260507,1,20260508,1,20260509,1,20260510,1,20260511,1,20260512,1
'1032627',20260505,1,20260506,1,20260507,1,20260508,1,20260509,1,20260510,1,20260511,1,20260512,1
'1032628',20260505,1,20260506,1,20260507,1,20260508,1,20260509,1,20260510,1,20260511,1,20260512,1
'1032629',20260505,1,20260506,1,20260507,1,20260508,1,20260509,1,20260510,1,20260511,1,20260512,1
'1032630',20260505,1,20260506,1,20260507,1,20260508,1,20260509,1,20260510,1,20260511,1,20260512,1
'1032631',20260505,1,20260506,1,20260507,1,20260508,1,20260509,1,20260510,1,20260511,1,20260512,1
'1032632',20260505,1,20260506,1,20260507,1,20260508,1,20260509,1,20260510,1,20260511,1,20260512,1
'1032633',20260505,1,20260506,1,20260507,1,20260508,1,20260509,1,20260510,1,20260511,1,20260512,1
'1032634',20260505,1,20260506,1,20260507,1,20260508,1,20260509,1,20260510,1,20260511,1,20260512,1
'1032635',20260505,1,20260506,1,20260507,1,20260508,1,20260509,1,20260510,1,20260511,1,20260512,1
'1032636',20260505,1,20260506,1,20260507,1,20260508,1,20260509,1,20260510,1,20260511,1,20260512,1
'1032637',20260505,1,20260506,1,20260507,1,20260508,1,20260509,1,20260510,1,20260511,1,20260512,1
'1032638',20260505,1,20260506,1,20260507,1,20260508,1,20260509,1,20260510,1,20260511,1,20260512,1
'1032639',20260505,1,20260506,1,20260507,1,20260508,1,20260509,1,20260510,1,20260511,1,20260512,1
'1032640',20260505,1,20260506,1,20260507,1,20260508,1,20260509,1,20260510,1,20260511,1,20260512,1
'1032641',20260505,1,20260506,1,20260507,1,20260508,1,20260509,1,20260510,1,20260511,1,20260512,1
'1032642',20260505,1,20260506,1,20260507,1,20260508,1,20260509,1,20260510,1,20260511,1,20260512,1
'1032643',20260505,1,20260506,1,20260507,1,20260508,1,20260509,1,20260510,1,20260511,1,20260512,1
'1032644',20260505,1,20260506,1,20260507,1,20260508,1,20260509,1,20260510,1,20260511,1,20260512,1
'1032645',20260505,1,20260506,1,20260507,1,20260508,1,20260509,1,20260510,1,20260511,1,20260512,1
'1032646',20260505,1,20260506,1,20260507,1,20260508,1,20260509,1,20260510,1,20260511,1,20260512,1
'1032647',20260505,1,20260506,1,20260507,1,20260508,1,20260509,1,20260510,1,20260511,1,20260512,1
'1032648',20260505,1,20260506,1,20260507,1,20260508,1,20260509,1,20260510,1,20260511,1,20260512,1
'1032649',20260505,1,20260506,1,20260507,1,20260508,1,20260509,1,20260510,1,20260511,1,20260512,1
'1032650',20260505,1,20260506,1,20260507,1,20260508,1,20260509,1,20260510,1,20260511,1,20260512,1
'1032651',20260505,1,20260506,1,20260507,1,20260508,1,20260509,1,20260510,1,20260511,1,20260512,1
'1032652',20260505,1,20260506,1,20260507,1,20260508,1,20260509,1,20260510,1,20260511,1,20260512,1
'1032653',20260505,1,20260506,1,20260507,1,20260508,1,20260509,1,20260510,1,20260511,1,20260512,1
'1032654',20260505,1,20260506,1,20260507,1,20260508,1,20260509,1,20260510,1,20260511,1,20260512,1
'1032655',20260505,1,20260506,1,20260507,1,20260508,1,20260509,1,20260510,1,20260511,1,20260512,1
'1032656',20260505,1,20260506,1,20260507,1,20260508,1,20260509,1,20260510,1,20260511,1,20260512,1
'1032657',20260505,1,20260506,1,20260507,1,20260508,1,20260509,1,20260510,1,20260511,1,20260512,1
'1032658',20260505,1,20260506,1,20260507,1,20260508,1,20260509,1,20260510,1,20260511,1,20260512,1
'1032659',20260505,1,20260506,1,20260507,1,20260508,1,20260509,1,20260510,1,20260511,1,20260512,1
'1032660',20260505,1,20260506,1,20260507,1,20260508,1,20260509,1,20260510,1,20260511,1,20260512,1
'1032664',20260505,1,20260506,1,20260507,1,20260508,1,20260509,1,20260510,1,20260511,1,20260512,1
'1032665',20260505,1,20260506,1,20260507,1,20260508,1,20260509,1,20260510,1,20260511,1,20260512,1
'1032744',20260505,1,20260506,1,20260507,1,20260508,1,20260509,1,20260510,1,20260511,1,20260512,1
'1032746',20260505,1,20260506,1,20260507,1,20260508,1,20260509,1,20260510,1,20260511,1,20260512,1
'1032748',20260505,1,20260506,1,20260507,1,20260508,1,20260509,1,20260510,1,20260511,1,20260512,1
'1032749',20260505,1,20260506,1,20260507,1,20260508,1,20260509,1,20260510,1,20260511,1,20260512,1
'1032750',20260505,1,20260506,1,20260507,1,20260508,1,20260509,1,20260510,1,20260511,1,20260512,1
'1032751',20260505,1,20260506,1,20260507,1,20260508,1,20260509,1,20260510,1,20260511,1,20260512,1
'1032752',20260505,1,20260506,1,20260507,1,20260508,1,20260509,1,20260510,1,20260511,1,20260512,1
'1032753',20260505,1,20260506,1,20260507,1,20260508,1,20260509,1,20260510,1,20260511,1,20260512,1
'1032756',20260505,1,20260506,1,20260507,1,20260508,1,20260509,1,20260510,1,20260511,1,20260512,1
'1032757',20260505,1,20260506,1,20260507,1,20260508,1,20260509,1,20260510,1,20260511,1,20260512,1
'1032758',20260505,1,20260506,1,20260507,1,20260508,1,20260509,1,20260510,1,20260511,1,20260512,1
'1032760',20260505,1,20260506,1,20260507,1,20260508,1,20260509,1,20260510,1,20260511,1,20260512,1
'1032761',20260505,1,20260506,1,20260507,1,20260508,1,20260509,1,20260510,1,20260511,1,20260512,1
'1032762',20260505,1,20260506,1,20260507,1,20260508,1,20260509,1,20260510,1,20260511,1,20260512,1
'1032763',20260505,1,20260506,1,20260507,1,20260508,1,20260509,1,20260510,1,20260511,1,20260512,1
'1032765',20260505,1,20260506,1,20260507,1,20260508,1,20260509,1,20260510,1,20260511,1,20260512,1
'1032767',20260505,1,20260506,1,20260507,1,20260508,1,20260509,1,20260510,1,20260511,1,20260512,1
'1032768',20260505,1,20260506,1,20260507,1,20260508,1,20260509,1,20260510,1,20260511,1,20260512,1
'1032769',20260505,1,20260506,1,20260507,1,20260508,1,20260509,1,20260510,1,20260511,1,20260512,1
'1032771',20260505,1,20260506,1,20260507,1,20260508,1,20260509,1,20260510,1,20260511,1,20260512,1
'1032772',20260505,1,20260506,1,20260507,1,20260508,1,20260509,1,20260510,1,20260511,1,20260512,1
'1032774',20260505,1,20260506,1,20260507,1,20260508,1,20260509,1,20260510,1,20260511,1,20260512,1
'1032775',20260505,1,20260506,1,20260507,1,20260508,1,20260509,1,20260510,1,20260511,1,20260512,1
'1032777',20260505,1,20260506,1,20260507,1,20260508,1,20260509,1,20260510,1,20260511,1,20260512,1
'1032778',20260505,1,20260506,1,20260507,1,20260508,1,20260509,1,20260510,1,20260511,1,20260512,1
'1032779',20260505,1,20260506,1,20260507,1,20260508,1,20260509,1,20260510,1,20260511,1,20260512,1
'1032780',20260505,1,20260506,1,20260507,1,20260508,1,20260509,1,20260510,1,20260511,1,20260512,1
'1032781',20260505,1,20260506,1,20260507,1,20260508,1,20260509,1,20260510,1,20260511,1,20260512,1
'1032782',20260505,1,20260506,1,20260507,1,20260508,1,20260509,1,20260510,1,20260511,1,20260512,1
'1032783',20260505,1,20260506,1,20260507,1,20260508,1,20260509,1,20260510,1,20260511,1,20260512,1
'1032785',20260505,1,20260506,1,20260507,1,20260508,1,20260509,1,20260510,1,20260511,1,20260512,1
'1032787',20260505,1,20260506,1,20260507,1,20260508,1,20260509,1,20260510,1,20260511,1,20260512,1
'1032788',20260505,1,20260506,1,20260507,1,20260508,1,20260509,1,20260510,1,20260511,1,20260512,1
'1032789',20260505,1,20260506,1,20260507,1,20260508,1,20260509,1,20260510,1,20260511,1,20260512,1
'1032790',20260505,1,20260506,1,20260507,1,20260508,1,20260509,1,20260510,1,20260511,1,20260512,1
'1032792',20260505,1,20260506,1,20260507,1,20260508,1,20260509,1,20260510,1,20260511,1,20260512,1
'1032794',20260505,1,20260506,1,20260507,1,20260508,1,20260509,1,20260510,1,20260511,1,20260512,1
'1032796',20260505,1,20260506,1,20260507,1,20260508,1,20260509,1,20260510,1,20260511,1,20260512,1
'1032797',20260505,1,20260506,1,20260507,1,20260508,1,20260509,1,20260510,1,20260511,1,20260512,1
'1032801',20260505,1,20260506,1,20260507,1,20260508,1,20260509,1,20260510,1,20260511,1,20260512,1
'1032802',20260505,1,20260506,1,20260507,1,20260508,1,20260509,1,20260510,1,20260511,1,20260512,1
'1032804',20260505,1,20260506,1,20260507,1,20260508,1,20260509,1,20260510,1,20260511,1,20260512,1
'1032805',20260505,1,20260506,1,20260507,1,20260508,1,20260509,1,20260510,1,20260511,1,20260512,1
'1032807',20260505,1,20260506,1,20260507,1,20260508,1,20260509,1,20260510,1,20260511,1,20260512,1
'1032808',20260505,1,20260506,1,20260507,1,20260508,1,20260509,1,20260510,1,20260511,1,20260512,1
'1032809',20260505,1,20260506,1,20260507,1,20260508,1,20260509,1,20260510,1,20260511,1,20260512,1
'1032811',20260505,1,20260506,1,20260507,1,20260508,1,20260509,1,20260510,1,20260511,1,20260512,1
'1032812',20260505,1,20260506,1,20260507,1,20260508,1,20260509,1,20260510,1,20260511,1,20260512,1
'1032815',20260505,1,20260506,1,20260507,1,20260508,1,20260509,1,20260510,1,20260511,1,20260512,1
'1032816',20260505,1,20260506,1,20260507,1,20260508,1,20260509,1,20260510,1,20260511,1,20260512,1
'1032817',20260505,1,20260506,1,20260507,1,20260508,1,20260509,1,20260510,1,20260511,1,20260512,1
'1032818',20260505,1,20260506,1,20260507,1,20260508,1,20260509,1,20260510,1,20260511,1,20260512,1
'1032821',20260505,1,20260506,1,20260507,1,20260508,1,20260509,1,20260510,1,20260511,1,20260512,1
'1032822',20260505,1,20260506,1,20260507,1,20260508,1,20260509,1,20260510,1,20260511,1,20260512,1
'1032823',20260505,1,20260506,1,20260507,1,20260508,1,20260509,1,20260510,1,20260511,1,20260512,1
'1032824',20260505,1,20260506,1,20260507,1,20260508,1,20260509,1,20260510,1,20260511,1,20260512,1
'1032825',20260505,1,20260506,1,20260507,1,20260508,1,20260509,1,20260510,1,20260511,1,20260512,1
'1032826',20260505,1,20260506,1,20260507,1,20260508,1,20260509,1,20260510,1,20260511,1,20260512,1
'1032827',20260505,1,20260506,1,20260507,1,20260508,1,20260509,1,20260510,1,20260511,1,20260512,1
'1032828',20260505,1,20260506,1,20260507,1,20260508,1,20260509,1,20260510,1,20260511,1,20260512,1
'1032829',20260505,1,20260506,1,20260507,1,20260508,1,20260509,1,20260510,1,20260511,1,20260512,1
'1032830',20260505,1,20260506,1,20260507,1,20260508,1,20260509,1,20260510,1,20260511,1,20260512,1
'1032831',20260505,1,20260506,1,20260507,1,20260508,1,20260509,1,20260510,1,20260511,1,20260512,1
'1032832',20260505,1,20260506,1,20260507,1,20260508,1,20260509,1,20260510,1,20260511,1,20260512,1
'1032833',20260505,1,20260506,1,20260507,1,20260508,1,20260509,1,20260510,1,20260511,1,20260512,1
'1032834',20260505,1,20260506,1,20260507,1,20260508,1,20260509,1,20260510,1,20260511,1,20260512,1
'1032835',20260505,1,20260506,1,20260507,1,20260508,1,20260509,1,20260510,1,20260511,1,20260512,1
'1032836',20260505,1,20260506,1,20260507,1,20260508,1,20260509,1,20260510,1,20260511,1,20260512,1
'1032837',20260505,1,20260506,1,20260507,1,20260508,1,20260509,1,20260510,1,20260511,1,20260512,1
'1032838',20260505,1,20260506,1,20260507,1,20260508,1,20260509,1,20260510,1,20260511,1,20260512,1
'1032839',20260505,1,20260506,1,20260507,1,20260508,1,20260509,1,20260510,1,20260511,1,20260512,1
'1032840',20260505,1,20260506,1,20260507,1,20260508,1,20260509,1,20260510,1,20260511,1,20260512,1
'1032841',20260505,1,20260506,1,20260507,1,20260508,1,20260509,1,20260510,1,20260511,1,20260512,1
'1032842',20260505,1,20260506,1,20260507,1,20260508,1,20260509,1,20260510,1,20260511,1,20260512,1
'1032843',20260505,1,20260506,1,20260507,1,20260508,1,20260509,1,20260510,1,20260511,1,20260512,1
