1209,'1032257',815,,293,4,0,5 6,0
1209,'1032287',1859,,297,4,0,5 6,0
1209,'1032288',928,,298,4,0,5 6,0
1209,'1032289',1648,,299,4,0,5 6,0
1209,'1032321',746,,302,4,0,5 6,0
1209,'1032339',1717,,303,4,0,5 6,0
1209,'1032356',1535,,304,4,0,5 6,0
1209,'1032379',1830,,306,4,0,5 6,0
1209,'1032381',1110,,307,4,0,5 6,0
1209,'1032417',1604,,309,4,0,5 6,0
1209,'1032432',1026,,310,4,0,5 6,0
1209,'1032441',859,,311,4,0,5 6,0
1209,'1032443',1746,,312,4,0,5 6,0
1209,'1032462',1436,,315,4,0,5 6,0
1209,'1032463',1506,,316,4,0,5 6,0
1209,'1032468',1208,,317,4,0,5 6,0
1209,'1032471',1139,,318,4,0,5 6,0
1209,'1032509',957,,321,4,0,5 6,0
