109,'1032215',1359,,1,7,0,19,0
109,'1032229',2126,,4,7,0,19,0
109,'1032247',2214,,8,7,0,19,0
109,'1032259',1804,,9,7,0,19,0
109,'1032277',723,,11,7,0,19,0
109,'1032280',1612,,12,7,0,19,0
109,'1032290',1451,,14,7,0,19,0
109,'1032294',1916,,15,7,0,19,0
109,'1032296',700,,16,7,0,19,0
109,'1032308',2148,,20,7,0,19,0
109,'1032324',2236,,22,7,0,19,0
109,'1032328',1708,,23,7,0,19,0
109,'1032330',1516,,24,7,0,19,0
109,'1032341',609,,28,7,0,19,0
109,'1032359',816,,32,7,0,19,0
109,'1032360',1338,,33,7,0,19,0
109,'1032396',844,,36,7,0,19,0
109,'1032403',1213,,38,7,0,19,0
109,'1032416',1121,,40,7,0,19,0
109,'1032423',1825,,42,7,0,19,0
109,'1032431',1851,,44,7,0,19,0
109,'1032440',1058,,46,7,0,19,0
109,'1032453',1006,,50,7,0,19,0
109,'1032456',2036,,51,7,0,19,0
109,'1032469',1633,,52,7,0,19,0
109,'1032481',1430,,55,7,0,19,0
109,'1032484',1242,,56,7,0,19,0
109,'1032486',2302,,57,7,0,19,0
109,'1032488',523,,59,7,0,19,0
109,'1032495',751,,60,7,0,19,0
109,'1032496',1537,,61,7,0,19,0
109,'1032500',1729,,62,7,0,19,0
109,'1032501',1150,,63,7,0,19,0
109,'1032510',907,,65,7,0,19,0
109,'1032514',2100,,66,7,0,19,0
109,'1032524',1029,,70,7,0,19,0
109,'1032535',1940,,75,7,0,19,0
109,'1032538',1309,,76,7,0,19,0
209,'1032034',1713,,77,6,0,11,0
209,'1032043',1137,,78,6,0,11,0
209,'1032044',1201,,79,6,0,11,0
209,'1032047',1449,,80,6,0,11,0
209,'1032050',955,,81,6,0,11,0
209,'1032051',1934,,82,6,0,11,0
209,'1032057',2213,,83,6,0,11,0
209,'1032059',1649,,84,6,0,11,0
209,'1032063',736,,85,6,0,11,0
209,'1032075',2316,,86,6,0,11,0
209,'1032077',2049,,87,6,0,11,0
209,'1032080',2028,,88,6,0,11,0
209,'1032088',1849,,89,6,0,11,0
209,'1032090',907,,90,6,0,11,0
209,'1032092',2131,,91,6,0,11,0
209,'1032094',1537,,92,6,0,11,0
209,'1032096',931,,93,6,0,11,0
209,'1032107',2110,,94,6,0,11,0
209,'1032110',1401,,95,6,0,11,0
209,'1032111',843,,96,6,0,11,0
209,'1032115',2152,,97,6,0,11,0
209,'1032124',712,,98,6,0,11,0
209,'1032125',1513,,99,6,0,11,0
209,'1032127',1337,,100,6,0,11,0
209,'1032134',1225,,101,6,0,11,0
209,'1032138',1801,,102,6,0,11,0
209,'1032141',1737,,103,6,0,11,0
209,'1032150',1825,,104,6,0,11,0
209,'1032154',758,,105,6,0,11,0
209,'1032166',1913,,106,6,0,11,0
209,'1032171',821,,107,6,0,11,0
209,'1032174',2234,,108,6,0,11,0
209,'1032176',2255,,109,6,0,11,0
209,'1032178',1625,,110,6,0,11,0
209,'1032180',1425,,111,6,0,11,0
209,'1032182',1601,,112,6,0,11,0
209,'1032188',1049,,113,6,0,11,0
209,'1032190',1113,,114,6,0,11,0
209,'1032191',1313,,115,6,0,11,0
209,'1032197',626,,116,6,0,11,0
209,'1032199',1249,,117,6,0,11,0
709,'1032745',2033,,238,4,0,12 6,0
709,'1032747',1959,,239,4,0,12 6,0
709,'1032754',1925,,241,4,0,12 6,0
709,'1032755',1531,,242,4,0,12 6,0
709,'1032759',1017,,244,4,0,12 6,0
709,'1032764',1605,,247,4,0,12 6,0
709,'1032766',909,,248,4,0,12 6,0
709,'1032770',1051,,251,4,0,12 6,0
709,'1032773',1457,,254,4,0,12 6,0
709,'1032776',1422,,257,4,0,12 6,0
709,'1032784',1307,,260,4,0,12 6,0
709,'1032786',801,,262,4,0,12 6,0
709,'1032791',1231,,264,4,0,12 6,0
709,'1032793',1343,,265,4,0,12 6,0
709,'1032795',653,,267,4,0,12 6,0
709,'1032798',1639,,269,4,0,12 6,0
709,'1032799',835,,270,4,0,12 6,0
709,'1032800',727,,271,4,0,12 6,0
709,'1032803',1747,,273,4,0,12 6,0
709,'1032806',1851,,275,4,0,12 6,0
709,'1032810',943,,277,4,0,12 6,0
709,'1032813',1713,,280,4,0,12 6,0
709,'1032814',1155,,281,4,0,12 6,0
709,'1032821',1343,,488,4,0,12 6,0
709,'1032822',1639,,489,4,0,12 6,0
709,'1032823',1531,,490,4,0,12 6,0
709,'1032824',1457,,491,4,0,12 6,0
709,'1032825',1959,,492,4,0,12 6,0
709,'1032826',1155,,493,4,0,12 6,0
709,'1032827',835,,494,4,0,12 6,0
709,'1032828',1851,,495,4,0,12 6,0
709,'1032829',653,,496,4,0,12 6,0
709,'1032830',1747,,497,4,0,12 6,0
709,'1032831',1307,,498,4,0,12 6,0
709,'1032832',1422,,499,4,0,12 6,0
709,'1032833',1925,,500,4,0,12 6,0
709,'1032834',1051,,501,4,0,12 6,0
709,'1032835',1713,,502,4,0,12 6,0
709,'1032836',801,,503,4,0,12 6,0
709,'1032837',909,,504,4,0,12 6,0
709,'1032838',1017,,505,4,0,12 6,0
709,'1032839',943,,506,4,0,12 6,0
709,'1032840',1605,,507,4,0,12 6,0
709,'1032841',2033,,508,4,0,12 6,0
709,'1032842',727,,509,4,0,12 6,0
709,'1032843',1231,,510,4,0,12 6,0
