3000509,'1032211',632,,328,10,0,17 18,0
3000509,'1032214',2108,,329,10,0,17 18,0
3000509,'1032217',740,,330,10,0,17 18,0
3000509,'1032234',1356,,333,10,0,17 18,0
3000509,'1032249',1802,,334,10,0,17 18,0
3000509,'1032250',1640,,335,10,0,17 18,0
3000509,'1032263',1559,,338,10,0,17 18,0
3000509,'1032285',2336,,339,10,0,17 18,0
3000509,'1032286',1005,,340,10,0,17 18,0
3000509,'1032310',1234,,342,10,0,17 18,0
3000509,'1032329',1518,,347,10,0,17 18,0
3000509,'1032338',1315,,349,10,0,17 18,0
3000509,'1032370',2413,,353,10,0,17 18,0
3000509,'1032382',1156,,355,10,0,17 18,0
3000509,'1032406',925,,358,10,0,17 18,0
3000509,'1032409',2222,,359,10,0,17 18,0
3000509,'1032442',558,,362,7,0,17 18,0
3000509,'1032445',2259,,363,10,0,17 18,0
3000509,'1032448',850,,364,10,0,17 18,0
3000509,'1032465',706,,365,10,0,17 18,0
3000509,'1032466',1843,,366,10,0,17 18,0
3000509,'1032479',815,,367,10,0,17 18,0
3000509,'1032483',1721,,369,10,0,17 18,0
3000509,'1032497',1924,,373,10,0,17 18,0
3000509,'1032526',1437,,377,10,0,17 18,0
3000509,'1032536',1116,,379,10,0,17 18,0
3000509,'1032539',2145,,381,10,0,17 18,0
3000509,'1032542',2031,,382,10,0,17 18,0
