109,'1032215',1411,,1,15,4,,0
109,'1032216',902,,2,1,,,0
109,'1032223',712,,3,1,0,7 8,0
109,'1032229',2137,,4,15,4,,0
109,'1032230',1652,,5,1,0,7 8,0
109,'1032231',1843,,6,1,,,0
109,'1032239',621,,7,1,0,7 8,0
109,'1032247',2225,,8,15,4,,0
109,'1032259',1816,,9,15,4,,0
109,'1032273',2053,,10,1,,,0
109,'1032277',733,,11,15,4,,0
109,'1032280',1624,,12,15,4,,0
109,'1032281',2116,,13,1,,,0
109,'1032290',1503,,14,15,4,,0
109,'1032294',1928,,15,15,4,,0
109,'1032296',710,,16,15,4,,0
109,'1032302',1448,,17,1,,,0
109,'1032304',1301,,18,1,0,7 8,0
109,'1032306',2250,,19,1,,,0
109,'1032308',2159,,20,15,4,,0
109,'1032309',1822,,21,1,,,0
109,'1032324',2247,,22,15,4,,0
109,'1032328',1720,,23,15,4,,0
109,'1032330',1528,,24,15,4,,0
109,'1032333',834,,25,1,,,0
109,'1032334',1957,,26,1,,,0
109,'1032336',1417,,27,1,,,0
109,'1032341',619,,28,15,4,,0
109,'1032343',1535,,29,1,0,7 8,0
109,'1032347',1727,,30,1,0,7 8,0
109,'1032358',1232,,31,1,0,7 8,0
109,'1032359',828,,32,15,4,,0
109,'1032360',1350,,33,15,4,,0
109,'1032373',2204,,34,1,,,0
109,'1032385',1208,,35,1,,,0
109,'1032396',856,,36,15,4,,0
109,'1032398',1047,,37,1,,,0
109,'1032403',1225,,38,15,4,,0
109,'1032415',1139,,39,1,,,0
109,'1032416',1133,,40,15,4,,0
109,'1032418',1356,,41,1,,,0
109,'1032423',1837,,42,15,4,,0
109,'1032424',2316,,43,1,,,0
109,'1032431',1903,,44,15,4,,0
109,'1032437',735,,45,1,0,7 8,0
109,'1032440',1110,,46,15,4,,0
109,'1032449',534,,47,1,0,7 8,0
109,'1032450',1933,,48,1,,,0
109,'1032451',1748,,49,1,0,7 8,0
109,'1032453',1018,,50,15,4,,0
109,'1032456',2048,,51,15,4,,0
109,'1032469',1645,,52,15,4,,0
109,'1032474',1631,,53,1,0,7 8,0
109,'1032475',803,,54,1,0,7 8,0
109,'1032481',1442,,55,15,4,,0
109,'1032484',1254,,56,15,4,,0
109,'1032486',2313,,57,15,4,,0
109,'1032487',1024,,58,1,,,0
109,'1032488',533,,59,15,4,,0
109,'1032495',801,,60,15,4,,0
109,'1032496',1549,,61,15,4,,0
109,'1032500',1741,,62,15,4,,0
109,'1032501',1202,,63,15,4,,0
109,'1032502',1116,,64,1,,,0
109,'1032510',919,,65,15,4,,0
109,'1032514',2111,,66,15,4,,0
109,'1032518',2142,,67,1,,,0
109,'1032519',1509,,68,1,,,0
109,'1032520',925,,69,1,,,0
109,'1032524',1041,,70,15,4,,0
109,'1032525',1327,,71,1,,,0
109,'1032528',1907,,72,1,,,0
109,'1032529',1556,,73,1,0,7 8,0
109,'1032531',2230,,74,1,,,0
109,'1032535',1952,,75,15,4,,0
109,'1032538',1321,,76,15,4,,0
