3000509,'1033957',1639,,870,9,0,17 18,0
3000509,'1033988',2259,,872,9,0,17 18,0
3000509,'1033996',2145,,873,9,0,17 18,0
3000509,'1033997',2108,,874,9,0,17 18,0
3000509,'1034038',1517,,877,9,0,17 18,0
3000509,'1034053',925,,878,9,0,17 18,0
3000509,'1034054',815,,879,9,0,17 18,0
3000509,'1034061',1436,,880,9,0,17 18,0
3000509,'1034077',740,,883,9,0,17 18,0
3000509,'1034091',1842,,884,9,0,17 18,0
3000509,'1034127',1155,,886,9,0,17 18,0
3000509,'1034138',2413,,887,9,0,17 18,0
3000509,'1034166',1720,,890,9,0,17 18,0
3000509,'1034167',2222,,891,9,0,17 18,0
3000509,'1034172',1558,,893,9,0,17 18,0
3000509,'1034173',1355,,894,9,0,17 18,0
3000509,'1034193',1801,,896,9,0,17 18,0
3000509,'1034198',632,,897,9,0,17 18,0
3000509,'1034200',706,,898,9,0,17 18,0
3000509,'1034204',1314,,900,9,0,17 18,0
3000509,'1034253',558,,903,6,0,17 18,0
3000509,'1034284',2031,,904,9,0,17 18,0
3000509,'1034333',1233,,906,9,0,17 18,0
3000509,'1034356',1115,,909,9,0,17 18,0
3000509,'1034375',2336,,911,9,0,17 18,0
3000509,'1034413',850,,917,9,0,17 18,0
3000509,'1034445',1004,,918,9,0,17 18,0
3000509,'1034464',1923,,920,9,0,17 18,0
