20000509,'1032210',909,,384,11,0,9 10,0
20000509,'1032212',1214,,385,11,0,9 10,0
20000509,'1032237',2123,,390,11,0,9 10,0
20000509,'1032246',2353,,393,11,0,9 10,0
20000509,'1032252',1533,,394,11,0,9 10,0
20000509,'1032255',2202,,395,11,0,9 10,0
20000509,'1032261',1853,,397,11,0,9 10,0
20000509,'1032268',645,,398,11,0,9 10,0
20000509,'1032278',1026,,401,11,0,9 10,0
20000509,'1032279',1333,,402,11,0,9 10,0
20000509,'1032282',1653,,403,11,0,9 10,0
20000509,'1032300',1733,,405,11,0,9 10,0
20000509,'1032307',1413,,406,11,0,9 10,0
20000509,'1032312',947,,407,11,0,9 10,0
20000509,'1032317',833,,409,11,0,9 10,0
20000509,'1032331',1453,,411,11,0,9 10,0
20000509,'1032357',1933,,415,11,0,9 10,0
20000509,'1032362',609,,416,11,0,9 10,0
20000509,'1032375',1135,,418,11,0,9 10,0
20000509,'1032389',757,,420,11,0,9 10,0
20000509,'1032395',721,,422,11,0,9 10,0
20000509,'1032438',1253,,426,11,0,9 10,0
20000509,'1032447',2043,,428,11,0,9 10,0
20000509,'1032457',1613,,429,11,0,9 10,0
20000509,'1032458',2239,,430,11,0,9 10,0
20000509,'1032460',2316,,431,11,0,9 10,0
20000509,'1032521',1813,,436,11,0,9 10,0
