1,109,'1033958',511
1,109,'1033964',512
1,109,'1033965',513
1,109,'1033969',514
1,109,'1033974',515
1,109,'1033981',516
1,109,'1033986',517
1,109,'1033987',518
1,109,'1034005',519
1,109,'1034007',520
1,109,'1034015',521
1,109,'1034017',522
1,109,'1034018',523
1,109,'1034024',524
1,109,'1034027',525
1,109,'1034039',526
1,109,'1034040',527
1,109,'1034043',528
1,109,'1034045',529
1,109,'1034052',530
1,109,'1034060',531
1,109,'1034065',532
1,109,'1034066',533
1,109,'1034069',534
1,109,'1034088',535
1,109,'1034095',536
1,109,'1034096',537
1,109,'1034101',538
1,109,'1034105',539
1,109,'1034108',540
1,109,'1034111',541
1,109,'1034112',542
1,109,'1034117',543
1,109,'1034124',544
1,109,'1034132',545
1,109,'1034134',546
1,109,'1034139',547
1,109,'1034143',548
1,109,'1034144',549
1,109,'1034171',550
1,109,'1034179',551
1,109,'1034180',552
1,109,'1034182',553
1,109,'1034183',554
1,109,'1034191',555
1,109,'1034209',556
1,109,'1034212',557
1,109,'1034214',558
1,109,'1034233',559
1,109,'1034234',560
1,109,'1034239',561
1,109,'1034241',562
1,109,'1034243',563
1,109,'1034248',564
1,109,'1034249',565
1,109,'1034250',566
1,109,'1034251',567
1,109,'1034261',568
1,109,'1034262',569
1,109,'1034265',570
1,109,'1034268',571
1,109,'1034280',572
1,109,'1034282',573
1,109,'1034288',574
1,109,'1034291',575
1,109,'1034292',576
1,109,'1034300',577
1,109,'1034303',578
1,109,'1034304',579
1,109,'1034307',580
1,109,'1034311',581
1,109,'1034313',582
1,109,'1034315',583
1,109,'1034319',584
1,109,'1034328',585
1,109,'1034336',586
1,109,'1034340',587
1,109,'1034342',588
1,109,'1034346',589
1,109,'1034358',590
1,109,'1034362',591
1,109,'1034363',592
1,109,'1034364',593
1,109,'1034368',594
1,109,'1034371',595
1,109,'1034378',596
1,109,'1034379',597
1,109,'1034385',598
1,109,'1034387',599
1,109,'1034391',600
1,109,'1034394',601
1,109,'1034396',602
1,109,'1034402',603
1,109,'1034410',604
1,109,'1034415',605
1,109,'1034416',606
1,109,'1034417',607
1,109,'1034430',608
1,109,'1034434',609
1,109,'1034444',610
1,109,'1034462',611
1,109,'1034465',612
1,109,'1034469',613
1,109,'1034476',614
1,109,'1034478',615
1,109,'1034479',616
2,209,'1033960',617
2,209,'1033961',618
2,209,'1033963',619
2,209,'1033967',620
2,209,'1033968',621
2,209,'1033970',622
2,209,'1033983',623
2,209,'1033989',624
2,209,'1033990',625
2,209,'1033999',626
2,209,'1034004',627
2,209,'1034006',628
2,209,'1034011',629
2,209,'1034028',630
2,209,'1034031',631
2,209,'1034034',632
2,209,'1034044',633
2,209,'1034048',634
2,209,'1034049',635
2,209,'1034064',636
2,209,'1034068',637
2,209,'1034071',638
2,209,'1034081',639
2,209,'1034082',640
2,209,'1034085',641
2,209,'1034087',642
2,209,'1034097',643
2,209,'1034100',644
2,209,'1034113',645
2,209,'1034114',646
2,209,'1034115',647
2,209,'1034125',648
2,209,'1034131',649
2,209,'1034145',650
2,209,'1034149',651
2,209,'1034153',652
2,209,'1034155',653
2,209,'1034157',654
2,209,'1034162',655
2,209,'1034163',656
2,209,'1034164',657
2,209,'1034175',658
2,209,'1034176',659
2,209,'1034186',660
2,209,'1034195',661
2,209,'1034196',662
2,209,'1034202',663
2,209,'1034205',664
2,209,'1034206',665
2,209,'1034216',666
2,209,'1034218',667
2,209,'1034226',668
2,209,'1034227',669
2,209,'1034229',670
2,209,'1034230',671
2,209,'1034273',672
2,209,'1034278',673
2,209,'1034285',674
2,209,'1034295',675
2,209,'1034296',676
2,209,'1034297',677
2,209,'1034302',678
2,209,'1034308',679
2,209,'1034322',680
2,209,'1034324',681
2,209,'1034325',682
2,209,'1034326',683
2,209,'1034327',684
2,209,'1034343',685
2,209,'1034355',686
2,209,'1034357',687
2,209,'1034361',688
2,209,'1034369',689
2,209,'1034374',690
2,209,'1034381',691
2,209,'1034386',692
2,209,'1034389',693
2,209,'1034395',694
2,209,'1034400',695
2,209,'1034414',696
2,209,'1034433',697
2,209,'1034446',698
2,209,'1034461',699
2,209,'1034477',700
3,309,'1033959',701
3,309,'1033972',702
3,309,'1033992',703
3,309,'1034000',704
3,309,'1034001',705
3,309,'1034002',706
3,309,'1034009',707
3,309,'1034012',708
3,309,'1034013',709
3,309,'1034014',710
3,309,'1034020',711
3,309,'1034021',712
3,309,'1034023',713
3,309,'1034026',714
3,309,'1034032',715
3,309,'1034056',716
3,309,'1034057',717
3,309,'1034062',718
3,309,'1034072',719
3,309,'1034074',720
3,309,'1034083',721
3,309,'1034104',722
3,309,'1034107',723
3,309,'1034118',724
3,309,'1034130',725
3,309,'1034141',726
3,309,'1034158',727
3,309,'1034160',728
3,309,'1034174',729
3,309,'1034188',730
3,309,'1034194',731
3,309,'1034199',732
3,309,'1034208',733
3,309,'1034210',734
3,309,'1034215',735
3,309,'1034223',736
3,309,'1034231',737
3,309,'1034235',738
3,309,'1034237',739
3,309,'1034240',740
3,309,'1034255',741
3,309,'1034258',742
3,309,'1034260',743
3,309,'1034266',744
3,309,'1034271',745
3,309,'1034272',746
3,309,'1034294',747
3,309,'1034323',748
3,309,'1034329',749
3,309,'1034332',750
3,309,'1034334',751
3,309,'1034337',752
3,309,'1034338',753
3,309,'1034339',754
3,309,'1034347',755
3,309,'1034351',756
3,309,'1034365',757
3,309,'1034372',758
3,309,'1034380',759
3,309,'1034397',760
3,309,'1034398',761
3,309,'1034418',762
3,309,'1034419',763
3,309,'1034420',764
3,309,'1034422',765
3,309,'1034424',766
3,309,'1034426',767
3,309,'1034427',768
3,309,'1034429',769
3,309,'1034431',770
3,309,'1034438',771
3,309,'1034443',772
3,309,'1034448',773
3,309,'1034455',774
3,309,'1034463',775
3,309,'1034466',776
3,309,'1034468',777
3,309,'1034473',778
4,409,'1033979',779
4,409,'1033994',780
4,409,'1034010',781
4,409,'1034046',782
4,409,'1034047',783
4,409,'1034084',784
4,409,'1034099',785
4,409,'1034136',786
4,409,'1034147',787
4,409,'1034154',788
4,409,'1034177',789
4,409,'1034189',790
4,409,'1034197',791
4,409,'1034298',792
4,409,'1034373',793
4,409,'1034382',794
4,409,'1034436',795
4,409,'1034451',796
4,409,'1034453',797
4,409,'1034474',798
6,609,'1033966',799
6,609,'1033975',800
6,609,'1033991',801
6,609,'1034022',802
6,609,'1034042',803
6,609,'1034050',804
6,609,'1034058',805
6,609,'1034059',806
6,609,'1034080',807
6,609,'1034103',808
6,609,'1034116',809
6,609,'1034121',810
6,609,'1034133',811
6,609,'1034135',812
6,609,'1034142',813
6,609,'1034159',814
6,609,'1034161',815
6,609,'1034178',816
6,609,'1034185',817
6,609,'1034190',818
6,609,'1034211',819
6,609,'1034242',820
6,609,'1034246',821
6,609,'1034257',822
6,609,'1034267',823
6,609,'1034269',824
6,609,'1034299',825
6,609,'1034301',826
6,609,'1034309',827
6,609,'1034310',828
6,609,'1034312',829
6,609,'1034321',830
6,609,'1034330',831
6,609,'1034349',832
6,609,'1034354',833
6,609,'1034407',834
6,609,'1034449',835
6,609,'1034458',836
9,909,'1033985',837
9,909,'1034019',838
9,909,'1034025',839
9,909,'1034089',840
9,909,'1034090',841
9,909,'1034106',842
9,909,'1034181',843
9,909,'1034228',844
9,909,'1034263',845
9,909,'1034270',846
9,909,'1034320',847
9,909,'1034393',848
9,909,'1034437',849
9,909,'1034467',850
12,1209,'1033998',851
12,1209,'1034029',852
12,1209,'1034073',853
12,1209,'1034109',854
12,1209,'1034126',855
12,1209,'1034152',856
12,1209,'1034222',857
12,1209,'1034244',858
12,1209,'1034247',859
12,1209,'1034290',860
12,1209,'1034305',861
12,1209,'1034406',862
12,1209,'1034408',863
12,1209,'1034411',864
12,1209,'1034425',865
12,1209,'1034428',866
12,1209,'1034432',867
12,1209,'1034441',868
12,1209,'1034454',869
30005,3000509,'1033957',870
30005,3000509,'1033976',871
30005,3000509,'1033988',872
30005,3000509,'1033996',873
30005,3000509,'1033997',874
30005,3000509,'1034033',875
30005,3000509,'1034035',876
30005,3000509,'1034038',877
30005,3000509,'1034053',878
30005,3000509,'1034054',879
30005,3000509,'1034061',880
30005,3000509,'1034067',881
30005,3000509,'1034076',882
30005,3000509,'1034077',883
30005,3000509,'1034091',884
30005,3000509,'1034110',885
30005,3000509,'1034127',886
30005,3000509,'1034138',887
30005,3000509,'1034148',888
30005,3000509,'1034156',889
30005,3000509,'1034166',890
30005,3000509,'1034167',891
30005,3000509,'1034169',892
30005,3000509,'1034172',893
30005,3000509,'1034173',894
30005,3000509,'1034184',895
30005,3000509,'1034193',896
30005,3000509,'1034198',897
30005,3000509,'1034200',898
30005,3000509,'1034201',899
30005,3000509,'1034204',900
30005,3000509,'1034225',901
30005,3000509,'1034245',902
30005,3000509,'1034253',903
30005,3000509,'1034284',904
30005,3000509,'1034287',905
30005,3000509,'1034333',906
30005,3000509,'1034350',907
30005,3000509,'1034352',908
30005,3000509,'1034356',909
30005,3000509,'1034367',910
30005,3000509,'1034375',911
30005,3000509,'1034377',912
30005,3000509,'1034390',913
30005,3000509,'1034399',914
30005,3000509,'1034403',915
30005,3000509,'1034404',916
30005,3000509,'1034413',917
30005,3000509,'1034445',918
30005,3000509,'1034447',919
30005,3000509,'1034464',920
30005,3000509,'1034470',921
30005,3000509,'1034471',922
30005,3000509,'1034472',923
30005,3000509,'1034480',924
200005,20000509,'1033977',925
200005,20000509,'1033982',926
200005,20000509,'1033993',927
200005,20000509,'1033995',928
200005,20000509,'1034008',929
200005,20000509,'1034016',930
200005,20000509,'1034041',931
200005,20000509,'1034055',932
200005,20000509,'1034075',933
200005,20000509,'1034079',934
200005,20000509,'1034086',935
200005,20000509,'1034092',936
200005,20000509,'1034093',937
200005,20000509,'1034098',938
200005,20000509,'1034119',939
200005,20000509,'1034122',940
200005,20000509,'1034137',941
200005,20000509,'1034150',942
200005,20000509,'1034151',943
200005,20000509,'1034165',944
200005,20000509,'1034170',945
200005,20000509,'1034187',946
200005,20000509,'1034203',947
200005,20000509,'1034207',948
200005,20000509,'1034213',949
200005,20000509,'1034217',950
200005,20000509,'1034224',951
200005,20000509,'1034236',952
200005,20000509,'1034256',953
200005,20000509,'1034264',954
200005,20000509,'1034274',955
200005,20000509,'1034279',956
200005,20000509,'1034289',957
200005,20000509,'1034293',958
200005,20000509,'1034306',959
200005,20000509,'1034314',960
200005,20000509,'1034317',961
200005,20000509,'1034318',962
200005,20000509,'1034331',963
200005,20000509,'1034341',964
200005,20000509,'1034344',965
200005,20000509,'1034353',966
200005,20000509,'1034360',967
200005,20000509,'1034366',968
200005,20000509,'1034392',969
200005,20000509,'1034401',970
200005,20000509,'1034405',971
200005,20000509,'1034409',972
200005,20000509,'1034412',973
200005,20000509,'1034421',974
200005,20000509,'1034442',975
200005,20000509,'1034450',976
200005,20000509,'1034456',977
200005,20000509,'1034457',978
200005,20000509,'1034459',979
240008,24000809,'1033971',980
240008,24000809,'1033973',981
240008,24000809,'1033978',982
240008,24000809,'1033980',983
240008,24000809,'1034003',984
240008,24000809,'1034030',985
240008,24000809,'1034036',986
240008,24000809,'1034037',987
240008,24000809,'1034051',988
240008,24000809,'1034063',989
240008,24000809,'1034078',990
240008,24000809,'1034123',991
240008,24000809,'1034128',992
240008,24000809,'1034168',993
240008,24000809,'1034238',994
240008,24000809,'1034252',995
240008,24000809,'1034259',996
240008,24000809,'1034275',997
240008,24000809,'1034276',998
240008,24000809,'1034277',999
240008,24000809,'1034281',1000
240008,24000809,'1034283',1001
240008,24000809,'1034286',1002
240008,24000809,'1034316',1003
240008,24000809,'1034345',1004
240008,24000809,'1034359',1005
240008,24000809,'1034383',1006
240008,24000809,'1034384',1007
240008,24000809,'1034388',1008
240008,24000809,'1034423',1009
240008,24000809,'1034435',1010
240008,24000809,'1034440',1011
240008,24000809,'1034452',1012
240008,24000809,'1034475',1013
