209,'1033961',1427,,618,8,,,0
209,'1033967',1717,,620,8,,,0
209,'1033968',1840,,621,8,,,0
209,'1033999',1531,,626,8,,,0
209,'1034006',1017,,628,8,,,0
209,'1034011',1552,,629,8,,,0
209,'1034031',1343,,631,8,,,0
209,'1034048',2114,,634,8,,,0
209,'1034049',1241,,635,8,,,0
209,'1034068',819,,637,8,,,0
209,'1034071',2343,,638,8,,,0
209,'1034081',2003,,639,8,,,0
209,'1034082',658,,640,8,,,0
209,'1034085',1048,,641,8,,,0
209,'1034087',945,,642,8,,,0
209,'1034097',2143,,643,8,,,0
209,'1034100',1738,,644,8,,,0
209,'1034113',2404,,645,8,,,0
209,'1034114',1800,,646,8,,,0
209,'1034115',1322,,647,8,,,0
209,'1034125',2214,,648,8,,,0
209,'1034131',2024,,649,8,,,0
209,'1034153',2310,,652,8,,,0
209,'1034155',918,,653,8,,,0
209,'1034162',752,,655,8,,,0
209,'1034175',1819,,658,8,,,0
209,'1034176',1301,,659,8,,,0
209,'1034186',846,,660,8,,,0
209,'1034195',1406,,661,8,,,0
209,'1034206',1448,,665,8,,,0
209,'1034229',2048,,670,8,,,0
209,'1034302',1656,,678,8,,,0
209,'1034322',2243,,680,8,,,0
209,'1034324',1902,,681,8,,,0
209,'1034357',1220,,687,8,,,0
209,'1034361',1154,,688,8,,,0
209,'1034374',1923,,690,8,,,0
209,'1034381',1613,,691,8,,,0
209,'1034389',1635,,693,8,,,0
209,'1034400',1127,,695,8,,,0
209,'1034446',1944,,698,8,,,0
209,'1034461',1509,,699,8,,,0
