309,'1033972',2245,,702,9,4,,0
309,'1034000',855,,704,9,4,,0
309,'1034001',636,,705,9,4,,0
309,'1034002',1432,,706,9,4,,0
309,'1034013',1006,,709,9,4,,0
309,'1034021',659,,712,9,4,,0
309,'1034023',1545,,713,9,4,,0
309,'1034026',1346,,714,9,4,,0
309,'1034057',2002,,717,9,4,,0
309,'1034072',2025,,719,9,4,,0
309,'1034083',1850,,721,9,4,,0
309,'1034130',2136,,725,9,4,,0
309,'1034141',1802,,726,9,4,,0
309,'1034174',1631,,729,9,4,,0
309,'1034199',2112,,732,9,4,,0
309,'1034208',1040,,733,9,4,,0
309,'1034223',744,,736,9,4,,0
309,'1034231',721,,737,9,4,,0
309,'1034240',613,,740,9,4,,0
309,'1034266',1825,,744,9,4,,0
309,'1034271',1521,,745,9,4,,0
309,'1034272',832,,746,9,4,,0
309,'1034294',1323,,747,9,4,,0
309,'1034323',1459,,748,9,4,,0
309,'1034329',1148,,749,9,4,,0
309,'1034332',1739,,750,9,4,,0
309,'1034334',1120,,751,9,4,,0
309,'1034337',919,,752,9,4,,0
309,'1034338',943,,753,9,4,,0
309,'1034365',2352,,757,9,4,,0
309,'1034398',808,,761,9,4,,0
309,'1034418',1717,,762,9,4,,0
309,'1034419',1914,,763,9,4,,0
309,'1034420',1259,,764,9,4,,0
309,'1034426',1234,,767,9,4,,0
309,'1034431',1214,,770,9,4,,0
309,'1034448',1408,,773,9,4,,0
309,'1034455',1607,,774,9,4,,0
309,'1034463',1654,,775,9,4,,0
309,'1034546',1833,,1014,1,,,0
309,'1034547',1046,,1015,1,,,0
309,'1034548',753,,1016,1,,,0
309,'1034549',1352,,1017,1,,,0
309,'1034551',1220,,1018,1,,,0
309,'1034552',2033,,1019,1,,,0
309,'1034553',1723,,1020,1,,,0
309,'1034554',1154,,1021,1,,,0
309,'1034555',645,,1022,1,,,0
309,'1034556',2118,,1023,1,,,0
309,'1034557',1808,,1024,1,,,0
309,'1034558',2144,,1025,1,,,0
309,'1034559',706,,1026,1,,,0
309,'1034561',1305,,1027,1,,,0
309,'1034562',2251,,1028,1,,,0
309,'1034564',619,,1029,1,,,0
309,'1034565',1438,,1030,1,,,0
309,'1034569',1612,,1031,1,,,0
309,'1034570',1527,,1032,1,,,0
309,'1034571',1504,,1033,1,,,0
309,'1034572',728,,1034,1,,,0
309,'1034573',2008,,1035,1,,,0
309,'1034574',1856,,1036,1,,,0
309,'1034575',1015,,1037,1,,,0
309,'1034576',952,,1038,1,,,0
309,'1034577',817,,1039,1,,,0
309,'1034578',928,,1040,1,,,0
309,'1034579',1126,,1041,1,,,0
309,'1034580',1414,,1042,1,,,0
309,'1034581',2357,,1043,1,,,0
309,'1034583',1637,,1044,1,,,0
309,'1034584',1551,,1045,1,,,0
309,'1034585',1240,,1046,1,,,0
309,'1034586',1329,,1047,1,,,0
309,'1034587',1747,,1048,1,,,0
309,'1034589',904,,1049,1,,,0
309,'1034590',1922,,1050,1,,,0
309,'1034591',841,,1051,1,,,0
309,'1034593',1700,,1052,1,,,0
1209,'1033998',1220,4,851,7,0,23,0,21,,851,19,4,,0
1209,'1034029',1603,44,852,7,0,23,0,22,,852,19,4,,0
1209,'1034073',1349,,853,1,,,0
1209,'1034109',838,4,854,7,0,23,0,21,,854,19,4,,0
1209,'1034126',759,,855,1,,,0
1209,'1034152',1809,,856,7,4,,0
1209,'1034222',1141,,857,1,,,0
1209,'1034244',1524,,858,1,,,0
1209,'1034247',1245,,859,1,,,0
1209,'1034290',1324,4,860,7,0,23,0,21,,860,19,4,,0
1209,'1034305',1007,,861,1,,,0
1209,'1034406',942,4,862,7,0,23,0,61,,862,19,4,,0
1209,'1034408',1046,4,863,7,0,23,0,61,,863,19,4,,0
1209,'1034411',1734,,864,1,,,0
1209,'1034425',1708,4,865,7,0,23,0,22,,865,19,4,,0
1209,'1034428',1428,4,866,7,0,23,0,22,,866,19,4,,0
1209,'1034432',903,,867,1,,,0
1209,'1034441',755,,868,8,4,,0
1209,'1034454',1629,,869,1,,,0
3000509,'1033957',1626,,870,1,0,17 18,0
3000509,'1033976',2355,,871,11,4,,0
3000509,'1033988',2248,,872,1,0,17 18,0
3000509,'1033996',2134,,873,1,0,17 18,0
3000509,'1033997',2057,,874,1,0,17 18,0
3000509,'1034033',724,,875,11,4,,0
3000509,'1034035',758,,876,11,4,,0
3000509,'1034038',1504,,877,1,0,17 18,0
3000509,'1034053',915,,878,1,0,17 18,0
3000509,'1034054',805,,879,1,0,17 18,0
3000509,'1034061',1423,,880,1,0,17 18,0
3000509,'1034067',1416,,881,11,4,,0
3000509,'1034076',650,,882,11,4,,0
3000509,'1034077',730,,883,1,0,17 18,0
3000509,'1034091',1829,,884,1,0,17 18,0
3000509,'1034110',2127,,885,11,4,,0
3000509,'1034127',1143,,886,1,0,17 18,0
3000509,'1034138',2402,,887,1,0,17 18,0
3000509,'1034148',1457,,888,11,4,,0
3000509,'1034156',2318,,889,11,4,,0
3000509,'1034166',1707,,890,1,0,17 18,0
3000509,'1034167',2211,,891,1,0,17 18,0
3000509,'1034169',908,,892,11,4,,0
3000509,'1034172',1545,,893,1,0,17 18,0
3000509,'1034173',1342,,894,1,0,17 18,0
3000509,'1034184',2204,,895,11,4,,0
3000509,'1034193',1748,,896,1,0,17 18,0
3000509,'1034198',622,,897,1,0,17 18,0
3000509,'1034200',656,,898,1,0,17 18,0
3000509,'1034201',1822,,899,11,4,,0
3000509,'1034204',1301,,900,1,0,17 18,0
3000509,'1034225',1903,,901,11,4,,0
3000509,'1034245',1741,,902,11,4,,0
3000509,'1034284',2020,,904,1,0,17 18,0
3000509,'1034287',945,,905,11,4,,0
3000509,'1034333',1221,,906,1,0,17 18,0
3000509,'1034350',2241,,907,11,4,,0
3000509,'1034352',616,,908,11,4,,0
3000509,'1034356',1103,,909,1,0,17 18,0
3000509,'1034367',2050,,910,11,4,,0
3000509,'1034375',2325,,911,1,0,17 18,0
3000509,'1034377',1700,,912,11,4,,0
3000509,'1034390',1025,,913,11,4,,0
3000509,'1034399',1335,,914,11,4,,0
3000509,'1034403',1538,,915,11,4,,0
3000509,'1034404',1136,,916,11,4,,0
3000509,'1034413',840,,917,1,0,17 18,0
3000509,'1034445',952,,918,1,0,17 18,0
3000509,'1034447',1216,,919,11,4,,0
3000509,'1034464',1910,,920,1,0,17 18,0
3000509,'1034470',1943,,921,11,4,,0
3000509,'1034471',1619,,922,11,4,,0
3000509,'1034472',1254,,923,11,4,,0
3000509,'1034480',833,,924,11,4,,0
