709,'1032744',850,,237,2,,,0
709,'1032753',2048,,240,2,,,0
709,'1032758',1211,,243,2,,,0
709,'1032762',1940,,245,2,,,0
709,'1032763',1728,,246,2,,,0
709,'1032767',1136,,249,2,,,0
709,'1032769',1323,,250,2,,,0
709,'1032771',1546,,252,2,,,0
709,'1032772',1654,,253,2,,,0
709,'1032774',2014,,255,2,,,0
709,'1032775',1906,,256,2,,,0
709,'1032779',816,,258,2,,,0
709,'1032780',958,,259,2,,,0
709,'1032785',1620,,261,2,,,0
709,'1032788',1512,,263,2,,,0
709,'1032794',1438,,266,2,,,0
709,'1032797',924,,268,2,,,0
709,'1032805',1359,,274,2,,,0
709,'1032808',1032,,276,2,,,0
709,'1032811',742,,278,2,,,0
709,'1032812',1247,,279,2,,,0
709,'1032815',708,,282,2,,,0
709,'1032818',1832,,283,2,,,0
