3000509,'1032211',631,,328,8,0,17 18,0
3000509,'1032214',2107,,329,8,0,17 18,0
3000509,'1032217',739,,330,8,0,17 18,0
3000509,'1032234',1354,,333,8,0,17 18,0
3000509,'1032249',1800,,334,8,0,17 18,0
3000509,'1032250',1638,,335,8,0,17 18,0
3000509,'1032263',1557,,338,8,0,17 18,0
3000509,'1032285',2335,,339,8,0,17 18,0
3000509,'1032286',1003,,340,8,0,17 18,0
3000509,'1032310',1232,,342,8,0,17 18,0
3000509,'1032329',1516,,347,8,0,17 18,0
3000509,'1032338',1313,,349,8,0,17 18,0
3000509,'1032370',2412,,353,8,0,17 18,0
3000509,'1032382',1154,,355,8,0,17 18,0
3000509,'1032406',924,,358,8,0,17 18,0
3000509,'1032409',2221,,359,8,0,17 18,0
3000509,'1032442',557,,362,5,0,17 18,0
3000509,'1032445',2258,,363,8,0,17 18,0
3000509,'1032448',849,,364,8,0,17 18,0
3000509,'1032465',705,,365,8,0,17 18,0
3000509,'1032466',1841,,366,8,0,17 18,0
3000509,'1032479',814,,367,8,0,17 18,0
3000509,'1032483',1719,,369,8,0,17 18,0
3000509,'1032497',1922,,373,8,0,17 18,0
3000509,'1032526',1435,,377,8,0,17 18,0
3000509,'1032536',1114,,379,8,0,17 18,0
3000509,'1032539',2144,,381,8,0,17 18,0
3000509,'1032542',2030,,382,8,0,17 18,0
