109,'1032215',1403,,1,10,0,19,0
109,'1032229',2130,,4,10,0,19,0
109,'1032247',2218,,8,10,0,19,0
109,'1032259',1808,,9,10,0,19,0
109,'1032277',726,,11,10,0,19,0
109,'1032280',1616,,12,10,0,19,0
109,'1032290',1455,,14,10,0,19,0
109,'1032294',1920,,15,10,0,19,0
109,'1032296',703,,16,10,0,19,0
109,'1032308',2152,,20,10,0,19,0
109,'1032324',2240,,22,10,0,19,0
109,'1032328',1712,,23,10,0,19,0
109,'1032330',1520,,24,10,0,19,0
109,'1032341',612,,28,10,0,19,0
109,'1032359',820,,32,10,0,19,0
109,'1032360',1342,,33,10,0,19,0
109,'1032396',848,,36,10,0,19,0
109,'1032403',1217,,38,10,0,19,0
109,'1032416',1125,,40,10,0,19,0
109,'1032423',1829,,42,10,0,19,0
109,'1032431',1855,,44,10,0,19,0
109,'1032440',1102,,46,10,0,19,0
109,'1032453',1010,,50,10,0,19,0
109,'1032456',2040,,51,10,0,19,0
109,'1032469',1637,,52,10,0,19,0
109,'1032481',1434,,55,10,0,19,0
109,'1032484',1246,,56,10,0,19,0
109,'1032486',2306,,57,10,0,19,0
109,'1032488',526,,59,10,0,19,0
109,'1032495',754,,60,10,0,19,0
109,'1032496',1541,,61,10,0,19,0
109,'1032500',1733,,62,10,0,19,0
109,'1032501',1154,,63,10,0,19,0
109,'1032510',911,,65,10,0,19,0
109,'1032514',2104,,66,10,0,19,0
109,'1032524',1033,,70,10,0,19,0
109,'1032535',1944,,75,10,0,19,0
109,'1032538',1313,,76,10,0,19,0
