109,'1033958',2143,,511,12,4,,0
109,'1033964',1620,,512,12,4,,0
109,'1033965',1730,,513,12,4,,0
109,'1033969',1839,,514,12,4,,0
109,'1033974',1658,,515,12,4,,0
109,'1033987',2235,,518,12,4,,0
109,'1034024',711,,524,12,4,,0
109,'1034043',2052,,528,12,4,,0
109,'1034052',1636,,530,12,4,,0
109,'1034065',1046,,532,12,4,,0
109,'1034066',1516,,533,12,4,,0
109,'1034088',1249,,535,12,4,,0
109,'1034095',1148,,536,12,4,,0
109,'1034096',1604,,537,12,4,,0
109,'1034101',1444,,538,12,4,,0
109,'1034105',1107,,539,12,4,,0
109,'1034108',1428,,540,12,4,,0
109,'1034112',1746,,542,12,4,,0
109,'1034124',2020,,544,12,4,,0
109,'1034134',525,,546,12,4,,0
109,'1034139',2117,,547,12,4,,0
109,'1034143',2327,,548,12,4,,0
109,'1034171',618,,550,12,4,,0
109,'1034179',1948,,551,12,4,,0
109,'1034182',2036,,553,12,4,,0
109,'1034191',1356,,555,12,4,,0
109,'1034233',1233,,559,12,4,,0
109,'1034234',645,,560,12,4,,0
109,'1034249',1001,,565,12,4,,0
109,'1034250',1714,,566,12,4,,0
109,'1034268',1203,,571,12,4,,0
109,'1034282',837,,573,12,4,,0
109,'1034288',1532,,574,12,4,,0
109,'1034291',1823,,575,12,4,,0
109,'1034303',2209,,578,12,4,,0
109,'1034304',1024,,579,12,4,,0
109,'1034311',2301,,581,12,4,,0
109,'1034315',1500,,583,12,4,,0
109,'1034328',1548,,585,12,4,,0
109,'1034336',1855,,586,12,4,,0
109,'1034340',915,,587,12,4,,0
109,'1034342',1217,,588,12,4,,0
109,'1034362',1340,,591,12,4,,0
109,'1034363',740,,592,12,4,,0
109,'1034364',806,,593,12,4,,0
109,'1034379',1305,,597,12,4,,0
109,'1034385',1911,,598,12,4,,0
109,'1034391',936,,600,12,4,,0
109,'1034394',1324,,601,12,4,,0
109,'1034410',1132,,604,12,4,,0
109,'1034415',1807,,605,12,4,,0
109,'1034462',857,,611,12,4,,0
109,'1034469',1412,,613,12,4,,0
