109,'1033958',2139,,511,10,0,19,0
109,'1033964',1616,,512,10,0,19,0
109,'1033965',1726,,513,10,0,19,0
109,'1033969',1835,,514,10,0,19,0
109,'1033974',1654,,515,10,0,19,0
109,'1033987',2231,,518,10,0,19,0
109,'1034024',707,,524,10,0,19,0
109,'1034043',2048,,528,10,0,19,0
109,'1034052',1632,,530,10,0,19,0
109,'1034065',1042,,532,10,0,19,0
109,'1034066',1512,,533,10,0,19,0
109,'1034088',1245,,535,10,0,19,0
109,'1034095',1144,,536,10,0,19,0
109,'1034096',1600,,537,10,0,19,0
109,'1034101',1440,,538,10,0,19,0
109,'1034105',1103,,539,10,0,19,0
109,'1034108',1424,,540,10,0,19,0
109,'1034112',1742,,542,10,0,19,0
109,'1034124',2016,,544,10,0,19,0
109,'1034134',521,,546,10,0,19,0
109,'1034139',2113,,547,10,0,19,0
109,'1034143',2323,,548,10,0,19,0
109,'1034171',614,,550,10,0,19,0
109,'1034179',1944,,551,10,0,19,0
109,'1034182',2032,,553,10,0,19,0
109,'1034191',1352,,555,10,0,19,0
109,'1034233',1229,,559,10,0,19,0
109,'1034234',641,,560,10,0,19,0
109,'1034249',957,,565,10,0,19,0
109,'1034250',1710,,566,10,0,19,0
109,'1034268',1159,,571,10,0,19,0
109,'1034282',833,,573,10,0,19,0
109,'1034288',1528,,574,10,0,19,0
109,'1034291',1819,,575,10,0,19,0
109,'1034303',2205,,578,10,0,19,0
109,'1034304',1020,,579,10,0,19,0
109,'1034311',2257,,581,10,0,19,0
109,'1034315',1456,,583,10,0,19,0
109,'1034328',1544,,585,10,0,19,0
109,'1034336',1851,,586,10,0,19,0
109,'1034340',911,,587,10,0,19,0
109,'1034342',1213,,588,10,0,19,0
109,'1034362',1336,,591,10,0,19,0
109,'1034363',736,,592,10,0,19,0
109,'1034364',802,,593,10,0,19,0
109,'1034379',1301,,597,10,0,19,0
109,'1034385',1907,,598,10,0,19,0
109,'1034391',932,,600,10,0,19,0
109,'1034394',1320,,601,10,0,19,0
109,'1034410',1128,,604,10,0,19,0
109,'1034415',1803,,605,10,0,19,0
109,'1034462',853,,611,10,0,19,0
109,'1034469',1408,,613,10,0,19,0
