3000509,'1032219',750,,331,4,,,0
3000509,'1032221',825,,332,4,,,0
3000509,'1032253',716,,336,4,,,0
3000509,'1032254',1244,,337,4,,,0
3000509,'1032292',1206,,341,4,,,0
3000509,'1032311',2118,,343,4,,,0
3000509,'1032315',1853,,344,4,,,0
3000509,'1032322',608,,345,4,,,0
3000509,'1032327',900,,346,4,,,0
3000509,'1032332',1325,,348,4,,,0
3000509,'1032342',1528,,350,4,,,0
3000509,'1032364',2155,,351,4,,,0
3000509,'1032367',2232,,352,4,,,0
3000509,'1032374',642,,354,4,,,0
3000509,'1032400',1934,,356,4,,,0
3000509,'1032402',1447,,357,4,,,0
3000509,'1032426',2309,,360,4,,,0
3000509,'1032434',1406,,361,4,,,0
3000509,'1032482',1650,,368,4,,,0
3000509,'1032491',1126,,370,4,,,0
3000509,'1032493',935,,371,4,,,0
3000509,'1032494',1609,,372,4,,,0
3000509,'1032504',1812,,374,4,,,0
3000509,'1032508',1731,,375,4,,,0
3000509,'1032523',1015,,376,4,,,0
3000509,'1032532',2041,,378,4,,,0
3000509,'1032537',2346,,380,4,,,0
