109,'1033981',2325,,516,10,,,0
109,'1033986',2300,,517,10,,,0
109,'1034005',2208,,519,10,,,0
109,'1034007',708,,520,10,0,7 8,0
109,'1034015',1414,,521,10,,,0
109,'1034017',1205,,522,10,,,0
109,'1034018',734,,523,10,0,7 8,0
109,'1034027',641,,525,10,0,7 8,0
109,'1034039',1851,,526,10,,,0
109,'1034040',1710,,527,10,0,7 8,0
109,'1034045',1322,,529,10,,,0
109,'1034060',1306,,531,10,0,7 8,0
109,'1034069',1009,,534,10,,,0
109,'1034111',1534,,541,10,,,0
109,'1034117',1034,,543,10,,,0
109,'1034132',1502,,545,10,,,0
109,'1034144',2117,,549,10,,,0
109,'1034180',1907,,552,10,,,0
109,'1034183',1732,,554,10,0,7 8,0
109,'1034209',2013,,556,10,,,0
109,'1034212',1923,,557,10,,,0
109,'1034214',1430,,558,10,,,0
109,'1034239',1622,,561,10,0,7 8,0
109,'1034241',1654,,562,10,0,7 8,0
109,'1034243',1446,,563,10,,,0
109,'1034248',829,,564,10,0,7 8,0
109,'1034251',2234,,567,10,,,0
109,'1034261',1057,,568,10,,,0
109,'1034262',908,,569,10,,,0
109,'1034265',1140,,570,10,,,0
109,'1034280',1221,,572,10,,,0
109,'1034292',1119,,576,10,,,0
109,'1034300',548,,577,10,0,7 8,0
109,'1034307',1820,,580,10,0,7 8,0
109,'1034313',1518,,582,10,,,0
109,'1034319',1358,,584,10,,,0
109,'1034346',2101,,589,10,,,0
109,'1034358',948,,590,10,,,0
109,'1034368',2045,,594,10,,,0
109,'1034371',1748,,595,10,0,7 8,0
109,'1034378',1606,,596,10,,,0
109,'1034387',1804,,599,10,0,7 8,0
109,'1034396',1338,,602,10,,,0
109,'1034402',2352,,603,10,,,0
109,'1034416',1236,,606,10,,,0
109,'1034417',2142,,607,10,,,0
109,'1034430',928,,608,10,,,0
109,'1034434',1939,,609,10,,,0
109,'1034444',803,,610,10,0,7 8,0
109,'1034465',1550,,612,10,,,0
109,'1034476',1250,,614,10,0,7 8,0
109,'1034478',1835,,615,10,,,0
109,'1034479',1638,,616,10,0,7 8,0
309,'1033972',2224,,702,2,0,9,0
309,'1034000',834,,704,2,0,9,0
309,'1034001',615,,705,2,0,9,0
309,'1034002',1411,,706,2,0,9,0
309,'1034013',945,,709,2,0,9,0
309,'1034021',638,,712,2,0,9,0
309,'1034023',1520,,713,2,0,9,0
309,'1034026',1325,,714,2,0,9,0
309,'1034057',1941,,717,2,0,9,0
309,'1034072',2004,,719,2,0,9,0
309,'1034083',1829,,721,2,0,9,0
309,'1034130',2115,,725,2,0,9,0
309,'1034141',1741,,726,2,0,9,0
309,'1034174',1609,,729,2,0,9,0
309,'1034199',2051,,732,2,0,9,0
309,'1034208',1019,,733,2,0,9,0
309,'1034223',723,,736,2,0,9,0
309,'1034231',700,,737,2,0,9,0
309,'1034240',552,,740,2,0,9,0
309,'1034266',1804,,744,2,0,9,0
309,'1034271',1456,,745,2,0,9,0
309,'1034272',811,,746,2,0,9,0
309,'1034294',1302,,747,2,0,9,0
309,'1034323',1434,,748,2,0,9,0
309,'1034329',1127,,749,2,0,9,0
309,'1034332',1718,,750,2,0,9,0
309,'1034334',1059,,751,2,0,9,0
309,'1034337',858,,752,2,0,9,0
309,'1034338',922,,753,2,0,9,0
309,'1034365',2331,,757,2,0,9,0
309,'1034398',747,,761,2,0,9,0
309,'1034418',1655,,762,2,0,9,0
309,'1034419',1853,,763,2,0,9,0
309,'1034420',1238,,764,2,0,9,0
309,'1034426',1213,,767,2,0,9,0
309,'1034431',1153,,770,2,0,9,0
309,'1034448',1347,,773,2,0,9,0
309,'1034455',1545,,774,2,0,9,0
309,'1034463',1632,,775,2,0,9,0
609,'1034022',1811,,802,2,0,22,0
609,'1034050',1117,,804,2,0,22,0
609,'1034059',1012,,806,2,0,22,0
609,'1034080',907,,807,2,0,22,0
609,'1034103',1701,,808,2,0,22,0
609,'1034121',1406,,810,2,0,22,0
609,'1034190',1516,,818,2,0,22,0
609,'1034211',1221,,819,2,0,22,0
609,'1034242',1736,,820,2,0,22,0
609,'1034246',1626,,821,2,0,22,0
609,'1034257',2012,,822,2,0,22,0
609,'1034267',1256,,823,2,0,22,0
609,'1034309',1911,,827,2,0,22,0
609,'1034310',1047,,828,2,0,22,0
609,'1034330',1441,,831,2,0,22,0
609,'1034349',1331,,832,2,0,22,0
609,'1034407',802,,834,2,0,22,0
609,'1034449',1551,,835,2,0,22,0
609,'1034458',1945,,836,2,0,22,0
609,'1034657',1047,,1069,2,0,22,0
609,'1034658',907,,1070,2,0,22,0
609,'1034659',802,,1071,2,0,22,0
609,'1034664',1012,,1076,2,0,22,0
609,'1034665',1626,,1077,2,0,22,0
609,'1034666',1551,,1078,2,0,22,0
609,'1034667',1331,,1079,2,0,22,0
609,'1034668',1256,,1080,2,0,22,0
609,'1034670',1701,,1082,2,0,22,0
609,'1034671',1117,,1083,2,0,22,0
609,'1034673',1441,,1085,2,0,22,0
609,'1034676',1945,,1088,2,0,22,0
609,'1034679',1516,,1091,2,0,22,0
609,'1034680',2012,,1092,2,0,22,0
609,'1034682',1736,,1094,2,0,22,0
609,'1034684',1406,,1096,2,0,22,0
609,'1034688',1221,,1100,2,0,22,0
609,'1034690',1911,,1102,2,0,22,0
609,'1034691',1811,,1103,2,0,22,0
