109,'1032216',919,,2,11,,,0
109,'1032223',727,,3,11,0,7 8,0
109,'1032230',1709,,5,11,0,7 8,0
109,'1032231',1900,,6,11,,,0
109,'1032239',636,,7,11,0,7 8,0
109,'1032273',2110,,10,11,,,0
109,'1032281',2132,,13,11,,,0
109,'1032302',1505,,17,11,,,0
109,'1032304',1318,,18,11,0,7 8,0
109,'1032306',2306,,19,11,,,0
109,'1032309',1839,,21,11,,,0
109,'1032333',851,,25,11,,,0
109,'1032334',2014,,26,11,,,0
109,'1032336',1434,,27,11,,,0
109,'1032343',1552,,29,11,0,7 8,0
109,'1032347',1744,,30,11,0,7 8,0
109,'1032358',1249,,31,11,0,7 8,0
109,'1032373',2220,,34,11,,,0
109,'1032385',1225,,35,11,,,0
109,'1032398',1104,,37,11,,,0
109,'1032415',1156,,39,11,,,0
109,'1032418',1413,,41,11,,,0
109,'1032424',2332,,43,11,,,0
109,'1032437',750,,45,11,0,7 8,0
109,'1032449',549,,47,11,0,7 8,0
109,'1032450',1950,,48,11,,,0
109,'1032451',1805,,49,11,0,7 8,0
109,'1032474',1648,,53,11,0,7 8,0
109,'1032475',818,,54,11,0,7 8,0
109,'1032487',1041,,58,11,,,0
109,'1032502',1133,,64,11,,,0
109,'1032518',2158,,67,11,,,0
109,'1032519',1526,,68,11,,,0
109,'1032520',942,,69,11,,,0
109,'1032525',1344,,71,11,,,0
109,'1032528',1924,,72,11,,,0
109,'1032529',1613,,73,11,0,7 8,0
109,'1032531',2246,,74,11,,,0
