109,'1032216',909,,2,4,,,0
109,'1032223',718,,3,4,0,7 8,0
109,'1032230',1659,,5,4,0,7 8,0
109,'1032231',1850,,6,4,,,0
109,'1032239',627,,7,4,0,7 8,0
109,'1032273',2100,,10,4,,,0
109,'1032281',2122,,13,4,,,0
109,'1032302',1455,,17,4,,,0
109,'1032304',1308,,18,4,0,7 8,0
109,'1032306',2256,,19,4,,,0
109,'1032309',1829,,21,4,,,0
109,'1032333',841,,25,4,,,0
109,'1032334',2004,,26,4,,,0
109,'1032336',1424,,27,4,,,0
109,'1032343',1542,,29,4,0,7 8,0
109,'1032347',1734,,30,4,0,7 8,0
109,'1032358',1239,,31,4,0,7 8,0
109,'1032373',2210,,34,4,,,0
109,'1032385',1215,,35,4,,,0
109,'1032398',1054,,37,4,,,0
109,'1032415',1146,,39,4,,,0
109,'1032418',1403,,41,4,,,0
109,'1032424',2322,,43,4,,,0
109,'1032437',741,,45,4,0,7 8,0
109,'1032449',540,,47,4,0,7 8,0
109,'1032450',1940,,48,4,,,0
109,'1032451',1755,,49,4,0,7 8,0
109,'1032474',1638,,53,4,0,7 8,0
109,'1032475',809,,54,4,0,7 8,0
109,'1032487',1031,,58,4,,,0
109,'1032502',1123,,64,4,,,0
109,'1032518',2148,,67,4,,,0
109,'1032519',1516,,68,4,,,0
109,'1032520',932,,69,4,,,0
109,'1032525',1334,,71,4,,,0
109,'1032528',1914,,72,4,,,0
109,'1032529',1603,,73,4,0,7 8,0
109,'1032531',2236,,74,4,,,0
