3000509,'1033957',1644,,870,14,0,17 18,0
3000509,'1033988',2303,,872,14,0,17 18,0
3000509,'1033996',2149,,873,14,0,17 18,0
3000509,'1033997',2112,,874,14,0,17 18,0
3000509,'1034038',1522,,877,14,0,17 18,0
3000509,'1034053',929,,878,14,0,17 18,0
3000509,'1034054',819,,879,14,0,17 18,0
3000509,'1034061',1441,,880,14,0,17 18,0
3000509,'1034077',744,,883,14,0,17 18,0
3000509,'1034091',1847,,884,14,0,17 18,0
3000509,'1034127',1200,,886,14,0,17 18,0
3000509,'1034138',2417,,887,14,4,,0
3000509,'1034166',1725,,890,14,0,17 18,0
3000509,'1034167',2226,,891,14,0,17 18,0
3000509,'1034172',1603,,893,14,0,17 18,0
3000509,'1034173',1400,,894,14,0,17 18,0
3000509,'1034193',1806,,896,14,0,17 18,0
3000509,'1034198',636,,897,14,0,17 18,0
3000509,'1034200',710,,898,14,0,17 18,0
3000509,'1034204',1319,,900,14,0,17 18,0
3000509,'1034253',602,,903,11,0,17 18,0
3000509,'1034284',2035,,904,14,0,17 18,0
3000509,'1034333',1238,,906,14,0,17 18,0
3000509,'1034356',1120,,909,14,0,17 18,0
3000509,'1034375',2340,,911,14,0,17 18,0
3000509,'1034413',854,,917,14,0,17 18,0
3000509,'1034445',1009,,918,14,0,17 18,0
3000509,'1034464',1928,,920,14,0,17 18,0
