3000509,'1032219',753,,331,7,,,0
3000509,'1032221',828,,332,7,,,0
3000509,'1032253',719,,336,7,,,0
3000509,'1032254',1248,,337,7,,,0
3000509,'1032292',1210,,341,7,,,0
3000509,'1032311',2121,,343,7,,,0
3000509,'1032315',1857,,344,7,,,0
3000509,'1032322',611,,345,7,,,0
3000509,'1032327',903,,346,7,,,0
3000509,'1032332',1329,,348,7,,,0
3000509,'1032342',1532,,350,7,,,0
3000509,'1032364',2158,,351,7,,,0
3000509,'1032367',2235,,352,7,,,0
3000509,'1032374',645,,354,7,,,0
3000509,'1032400',1937,,356,7,,,0
3000509,'1032402',1451,,357,7,,,0
3000509,'1032426',2312,,360,7,,,0
3000509,'1032434',1410,,361,7,,,0
3000509,'1032482',1654,,368,7,,,0
3000509,'1032491',1130,,370,7,,,0
3000509,'1032493',939,,371,7,,,0
3000509,'1032494',1613,,372,7,,,0
3000509,'1032504',1816,,374,7,,,0
3000509,'1032508',1735,,375,7,,,0
3000509,'1032523',1019,,376,7,,,0
3000509,'1032532',2044,,378,7,,,0
3000509,'1032537',2349,,380,7,,,0
