20000509,'1032210',907,,384,9,0,9 10,0
20000509,'1032212',1211,,385,9,0,9 10,0
20000509,'1032237',2120,,390,9,0,9 10,0
20000509,'1032246',2350,,393,9,0,9 10,0
20000509,'1032252',1530,,394,9,0,9 10,0
20000509,'1032255',2159,,395,9,0,9 10,0
20000509,'1032261',1850,,397,9,0,9 10,0
20000509,'1032268',643,,398,9,0,9 10,0
20000509,'1032278',1023,,401,9,0,9 10,0
20000509,'1032279',1330,,402,9,0,9 10,0
20000509,'1032282',1650,,403,9,0,9 10,0
20000509,'1032300',1730,,405,9,0,9 10,0
20000509,'1032307',1410,,406,9,0,9 10,0
20000509,'1032312',944,,407,9,0,9 10,0
20000509,'1032317',831,,409,9,0,9 10,0
20000509,'1032331',1450,,411,9,0,9 10,0
20000509,'1032357',1930,,415,9,0,9 10,0
20000509,'1032362',607,,416,9,0,9 10,0
20000509,'1032375',1132,,418,9,0,9 10,0
20000509,'1032389',755,,420,9,0,9 10,0
20000509,'1032395',719,,422,9,0,9 10,0
20000509,'1032438',1250,,426,9,0,9 10,0
20000509,'1032447',2040,,428,9,0,9 10,0
20000509,'1032457',1610,,429,9,0,9 10,0
20000509,'1032458',2236,,430,9,0,9 10,0
20000509,'1032460',2313,,431,9,0,9 10,0
20000509,'1032521',1810,,436,9,0,9 10,0
