3000509,'1032211',633,,328,11,0,17 18,0
3000509,'1032214',2109,,329,11,0,17 18,0
3000509,'1032217',741,,330,11,0,17 18,0
3000509,'1032234',1357,,333,11,0,17 18,0
3000509,'1032249',1803,,334,11,0,17 18,0
3000509,'1032250',1641,,335,11,0,17 18,0
3000509,'1032263',1600,,338,11,0,17 18,0
3000509,'1032285',2337,,339,11,0,17 18,0
3000509,'1032286',1006,,340,11,0,17 18,0
3000509,'1032310',1235,,342,11,0,17 18,0
3000509,'1032329',1519,,347,11,0,17 18,0
3000509,'1032338',1316,,349,11,0,17 18,0
3000509,'1032370',2414,,353,11,0,17 18,0
3000509,'1032382',1157,,355,11,0,17 18,0
3000509,'1032406',926,,358,11,0,17 18,0
3000509,'1032409',2223,,359,11,0,17 18,0
3000509,'1032442',559,,362,8,0,17 18,0
3000509,'1032445',2300,,363,11,0,17 18,0
3000509,'1032448',851,,364,11,0,17 18,0
3000509,'1032465',707,,365,11,0,17 18,0
3000509,'1032466',1844,,366,11,0,17 18,0
3000509,'1032479',816,,367,11,0,17 18,0
3000509,'1032483',1722,,369,11,0,17 18,0
3000509,'1032497',1925,,373,11,0,17 18,0
3000509,'1032526',1438,,377,11,0,17 18,0
3000509,'1032536',1117,,379,11,0,17 18,0
3000509,'1032539',2146,,381,11,0,17 18,0
3000509,'1032542',2032,,382,11,0,17 18,0
