609,'1033966',1940,,799,1,,,0
609,'1033975',1658,,800,1,,,0
609,'1033991',1513,,801,1,,,0
609,'1034022',1835,,802,9,4,,0
609,'1034042',1253,,803,1,,,0
609,'1034050',1141,,804,9,4,,0
609,'1034058',2014,,805,1,,,0
609,'1034059',1036,,806,9,4,,0
609,'1034080',931,,807,9,4,,0
609,'1034103',1725,,808,9,4,,0
609,'1034116',1216,,809,1,,,0
609,'1034121',1430,,810,9,4,,0
609,'1034133',1403,,811,1,,,0
609,'1034135',1438,,812,1,,,0
609,'1034142',1913,,813,1,,,0
609,'1034159',1328,,814,1,,,0
609,'1034161',1623,,815,1,,,0
609,'1034178',1733,,816,1,,,0
609,'1034185',2041,,817,1,,,0
609,'1034190',1540,,818,9,4,,0
609,'1034211',1245,,819,9,4,,0
609,'1034242',1800,,820,9,4,,0
609,'1034246',1650,,821,9,4,,0
609,'1034257',2036,,822,9,4,,0
609,'1034267',1320,,823,9,4,,0
609,'1034269',830,,824,1,,,0
609,'1034299',935,,825,1,,,0
609,'1034301',1040,,826,1,,,0
609,'1034309',1935,,827,9,4,,0
609,'1034310',1111,,828,9,4,,0
609,'1034312',1548,,829,1,,,0
609,'1034321',1115,,830,1,,,0
609,'1034330',1505,,831,9,4,,0
609,'1034349',1355,,832,9,4,,0
609,'1034354',1808,,833,1,,,0
609,'1034407',826,,834,9,4,,0
609,'1034449',1615,,835,9,4,,0
609,'1034458',2009,,836,9,4,,0
