3000509,'1033976',2345,,871,3,,,0
3000509,'1034033',715,,875,3,,,0
3000509,'1034035',749,,876,3,,,0
3000509,'1034067',1405,,881,3,,,0
3000509,'1034076',641,,882,3,,,0
3000509,'1034110',2117,,885,3,,,0
3000509,'1034148',1446,,888,3,,,0
3000509,'1034156',2308,,889,3,,,0
3000509,'1034169',859,,892,3,,,0
3000509,'1034184',2154,,895,3,,,0
3000509,'1034201',1811,,899,3,,,0
3000509,'1034225',1852,,901,3,,,0
3000509,'1034245',1730,,902,3,,,0
3000509,'1034287',934,,905,3,,,0
3000509,'1034350',2231,,907,3,,,0
3000509,'1034352',607,,908,3,,,0
3000509,'1034367',2040,,910,3,,,0
3000509,'1034377',1649,,912,3,,,0
3000509,'1034390',1014,,913,3,,,0
3000509,'1034399',1324,,914,3,,,0
3000509,'1034403',1527,,915,3,,,0
3000509,'1034404',1125,,916,3,,,0
3000509,'1034447',1205,,919,3,,,0
3000509,'1034470',1933,,921,3,,,0
3000509,'1034471',1608,,922,3,,,0
3000509,'1034472',1243,,923,3,,,0
3000509,'1034480',824,,924,3,,,0
