3000509,'1032211',627,,328,5,0,17 18,0
3000509,'1032214',2103,,329,5,0,17 18,0
3000509,'1032217',735,,330,5,0,17 18,0
3000509,'1032234',1350,,333,5,0,17 18,0
3000509,'1032249',1756,,334,5,0,17 18,0
3000509,'1032250',1634,,335,5,0,17 18,0
3000509,'1032263',1553,,338,5,0,17 18,0
3000509,'1032285',2331,,339,5,0,17 18,0
3000509,'1032286',959,,340,5,0,17 18,0
3000509,'1032310',1228,,342,5,0,17 18,0
3000509,'1032329',1512,,347,5,0,17 18,0
3000509,'1032338',1309,,349,5,0,17 18,0
3000509,'1032370',2408,,353,5,0,17 18,0
3000509,'1032382',1150,,355,5,0,17 18,0
3000509,'1032406',920,,358,5,0,17 18,0
3000509,'1032409',2217,,359,5,0,17 18,0
3000509,'1032442',553,,362,2,0,17 18,0
3000509,'1032445',2254,,363,5,0,17 18,0
3000509,'1032448',845,,364,5,0,17 18,0
3000509,'1032465',701,,365,5,0,17 18,0
3000509,'1032466',1837,,366,5,0,17 18,0
3000509,'1032479',810,,367,5,0,17 18,0
3000509,'1032483',1715,,369,5,0,17 18,0
3000509,'1032497',1918,,373,5,0,17 18,0
3000509,'1032526',1431,,377,5,0,17 18,0
3000509,'1032536',1110,,379,5,0,17 18,0
3000509,'1032539',2140,,381,5,0,17 18,0
3000509,'1032542',2026,,382,5,0,17 18,0
