109,'1033958',2126,,511,2,0,19,0
109,'1033964',1602,,512,2,0,19,0
109,'1033965',1712,,513,2,0,19,0
109,'1033969',1822,,514,2,0,19,0
109,'1033974',1640,,515,2,0,19,0
109,'1033987',2218,,518,2,0,19,0
109,'1034024',657,,524,2,0,19,0
109,'1034043',2035,,528,2,0,19,0
109,'1034052',1618,,530,2,0,19,0
109,'1034065',1028,,532,2,0,19,0
109,'1034066',1458,,533,2,0,19,0
109,'1034088',1231,,535,2,0,19,0
109,'1034095',1130,,536,2,0,19,0
109,'1034096',1546,,537,2,0,19,0
109,'1034101',1426,,538,2,0,19,0
109,'1034105',1049,,539,2,0,19,0
109,'1034108',1410,,540,2,0,19,0
109,'1034112',1728,,542,2,0,19,0
109,'1034124',2003,,544,2,0,19,0
109,'1034134',511,,546,2,0,19,0
109,'1034139',2100,,547,2,0,19,0
109,'1034143',2310,,548,2,0,19,0
109,'1034171',604,,550,2,0,19,0
109,'1034179',1931,,551,2,0,19,0
109,'1034182',2019,,553,2,0,19,0
109,'1034191',1338,,555,2,0,19,0
109,'1034233',1215,,559,2,0,19,0
109,'1034234',631,,560,2,0,19,0
109,'1034249',943,,565,2,0,19,0
109,'1034250',1656,,566,2,0,19,0
109,'1034268',1145,,571,2,0,19,0
109,'1034282',819,,573,2,0,19,0
109,'1034288',1514,,574,2,0,19,0
109,'1034291',1806,,575,2,0,19,0
109,'1034303',2152,,578,2,0,19,0
109,'1034304',1006,,579,2,0,19,0
109,'1034311',2244,,581,2,0,19,0
109,'1034315',1442,,583,2,0,19,0
109,'1034328',1530,,585,2,0,19,0
109,'1034336',1838,,586,2,0,19,0
109,'1034340',857,,587,2,0,19,0
109,'1034342',1159,,588,2,0,19,0
109,'1034362',1322,,591,2,0,19,0
109,'1034363',726,,592,2,0,19,0
109,'1034364',752,,593,2,0,19,0
109,'1034379',1247,,597,2,0,19,0
109,'1034385',1854,,598,2,0,19,0
109,'1034391',918,,600,2,0,19,0
109,'1034394',1306,,601,2,0,19,0
109,'1034410',1114,,604,2,0,19,0
109,'1034415',1750,,605,2,0,19,0
109,'1034462',839,,611,2,0,19,0
109,'1034469',1354,,613,2,0,19,0
309,'1033959',932,,701,5,4,,0
309,'1033992',1621,,703,5,4,,0
309,'1034009',1557,,707,5,4,,0
309,'1034012',1358,,708,5,4,,0
309,'1034014',1249,,710,5,4,,0
309,'1034020',1837,,711,5,4,,0
309,'1034032',2100,,715,5,4,,0
309,'1034056',1730,,716,5,4,,0
309,'1034062',1642,,718,5,4,,0
309,'1034074',1753,,720,5,4,,0
309,'1034104',821,,722,5,4,,0
309,'1034107',1925,,723,5,4,,0
309,'1034118',1421,,724,5,4,,0
309,'1034158',1044,,727,5,4,,0
309,'1034160',2318,,728,5,4,,0
309,'1034188',1902,,730,5,4,,0
309,'1034194',1507,,731,5,4,,0
309,'1034210',1334,,734,5,4,,0
309,'1034215',734,,735,5,4,,0
309,'1034235',756,,738,5,4,,0
309,'1034237',1951,,739,5,4,,0
309,'1034255',1115,,741,5,4,,0
309,'1034258',845,,742,5,4,,0
309,'1034260',711,,743,5,4,,0
309,'1034339',1816,,754,5,4,,0
309,'1034347',909,,755,5,4,,0
309,'1034351',1707,,756,5,4,,0
309,'1034372',645,,758,5,4,,0
309,'1034380',2211,,759,5,4,,0
309,'1034397',2035,,760,5,4,,0
309,'1034422',1223,,765,5,4,,0
309,'1034424',2145,,766,5,4,,0
309,'1034427',1021,,768,5,4,,0
309,'1034429',956,,769,5,4,,0
309,'1034438',1155,,771,5,4,,0
309,'1034443',2424,,772,5,4,,0
309,'1034466',1534,,776,5,4,,0
309,'1034468',1443,,777,5,4,,0
309,'1034473',1309,,778,5,4,,0
609,'1033966',2003,,799,7,4,,0
609,'1033975',1721,,800,7,4,,0
609,'1033991',1536,,801,7,4,,0
609,'1034042',1316,,803,7,4,,0
609,'1034058',2037,,805,7,4,,0
609,'1034116',1239,,809,7,4,,0
609,'1034133',1426,,811,7,4,,0
609,'1034135',1501,,812,7,4,,0
609,'1034142',1936,,813,7,4,,0
609,'1034159',1351,,814,7,4,,0
609,'1034161',1646,,815,7,4,,0
609,'1034178',1756,,816,7,4,,0
609,'1034185',2104,,817,7,4,,0
609,'1034269',853,,824,7,4,,0
609,'1034299',958,,825,7,4,,0
609,'1034301',1103,,826,7,4,,0
609,'1034312',1611,,829,7,4,,0
609,'1034321',1138,,830,7,4,,0
609,'1034354',1831,,833,7,4,,0
