309,'1033972',2243,,702,7,0,9,0
309,'1034000',853,,704,7,0,9,0
309,'1034001',634,,705,7,0,9,0
309,'1034002',1430,,706,7,0,9,0
309,'1034013',1004,,709,7,0,9,0
309,'1034021',657,,712,7,0,9,0
309,'1034023',1543,,713,7,0,9,0
309,'1034026',1344,,714,7,0,9,0
309,'1034057',2000,,717,7,0,9,0
309,'1034072',2023,,719,7,0,9,0
309,'1034083',1848,,721,7,0,9,0
309,'1034130',2134,,725,7,0,9,0
309,'1034141',1800,,726,7,0,9,0
309,'1034174',1629,,729,7,0,9,0
309,'1034199',2110,,732,7,0,9,0
309,'1034208',1038,,733,7,0,9,0
309,'1034223',742,,736,7,0,9,0
309,'1034231',719,,737,7,0,9,0
309,'1034240',611,,740,7,0,9,0
309,'1034266',1823,,744,7,0,9,0
309,'1034271',1519,,745,7,0,9,0
309,'1034272',830,,746,7,0,9,0
309,'1034294',1321,,747,7,0,9,0
309,'1034323',1457,,748,7,0,9,0
309,'1034329',1146,,749,7,0,9,0
309,'1034332',1737,,750,7,0,9,0
309,'1034334',1118,,751,7,0,9,0
309,'1034337',917,,752,7,0,9,0
309,'1034338',941,,753,7,0,9,0
309,'1034365',2350,,757,7,0,9,0
309,'1034398',806,,761,7,0,9,0
309,'1034418',1715,,762,7,0,9,0
309,'1034419',1912,,763,7,0,9,0
309,'1034420',1257,,764,7,0,9,0
309,'1034426',1232,,767,7,0,9,0
309,'1034431',1212,,770,7,0,9,0
309,'1034448',1406,,773,7,0,9,0
309,'1034455',1605,,774,7,0,9,0
309,'1034463',1652,,775,7,0,9,0
1209,'1033998',1239,,851,17,0,23,0
1209,'1034029',1623,,852,17,0,23,0
1209,'1034109',857,,854,17,0,23,0
1209,'1034290',1343,,860,17,0,23,0
1209,'1034406',1001,,862,17,0,23,0
1209,'1034408',1105,,863,17,0,23,0
1209,'1034425',1728,,865,17,0,23,0
1209,'1034428',1448,,866,17,0,23,0
1209,'1034441',753,,868,6,0,23,0
3000509,'1033976',2352,,871,9,,,0
3000509,'1034033',722,,875,9,,,0
3000509,'1034035',756,,876,9,,,0
3000509,'1034067',1413,,881,9,,,0
3000509,'1034076',648,,882,9,,,0
3000509,'1034110',2124,,885,9,,,0
3000509,'1034148',1454,,888,9,,,0
3000509,'1034156',2315,,889,9,,,0
3000509,'1034169',906,,892,9,,,0
3000509,'1034184',2201,,895,9,,,0
3000509,'1034201',1819,,899,9,,,0
3000509,'1034225',1900,,901,9,,,0
3000509,'1034245',1738,,902,9,,,0
3000509,'1034287',942,,905,9,,,0
3000509,'1034350',2238,,907,9,,,0
3000509,'1034352',614,,908,9,,,0
3000509,'1034367',2047,,910,9,,,0
3000509,'1034377',1657,,912,9,,,0
3000509,'1034390',1022,,913,9,,,0
3000509,'1034399',1332,,914,9,,,0
3000509,'1034403',1535,,915,9,,,0
3000509,'1034404',1133,,916,9,,,0
3000509,'1034447',1213,,919,9,,,0
3000509,'1034470',1940,,921,9,,,0
3000509,'1034471',1616,,922,9,,,0
3000509,'1034472',1251,,923,9,,,0
3000509,'1034480',831,,924,9,,,0
