609,'1034022',1831,,802,8,0,22,0
609,'1034050',1137,,804,8,0,22,0
609,'1034059',1032,,806,8,0,22,0
609,'1034080',927,,807,8,0,22,0
609,'1034103',1721,,808,8,0,22,0
609,'1034121',1426,,810,8,0,22,0
609,'1034190',1536,,818,8,0,22,0
609,'1034211',1241,,819,8,0,22,0
609,'1034242',1756,,820,8,0,22,0
609,'1034246',1646,,821,8,0,22,0
609,'1034257',2032,,822,8,0,22,0
609,'1034267',1316,,823,8,0,22,0
609,'1034309',1931,,827,8,0,22,0
609,'1034310',1107,,828,8,0,22,0
609,'1034330',1501,,831,8,0,22,0
609,'1034349',1351,,832,8,0,22,0
609,'1034407',822,,834,8,0,22,0
609,'1034449',1611,,835,8,0,22,0
609,'1034458',2005,,836,8,0,22,0
609,'1034657',1107,,1069,9,0,22,0
609,'1034658',927,,1070,9,0,22,0
609,'1034659',822,,1071,9,0,22,0
609,'1034664',1032,,1076,9,0,22,0
609,'1034665',1646,,1077,9,0,22,0
609,'1034666',1611,,1078,9,0,22,0
609,'1034667',1351,,1079,9,0,22,0
609,'1034668',1316,,1080,9,0,22,0
609,'1034670',1721,,1082,9,0,22,0
609,'1034671',1137,,1083,9,0,22,0
609,'1034673',1501,,1085,9,0,22,0
609,'1034676',2005,,1088,9,0,22,0
609,'1034679',1536,,1091,9,0,22,0
609,'1034680',2032,,1092,9,0,22,0
609,'1034682',1756,,1094,9,0,22,0
609,'1034684',1426,,1096,9,0,22,0
609,'1034688',1241,,1100,9,0,22,0
609,'1034690',1931,,1102,9,0,22,0
609,'1034691',1831,,1103,9,0,22,0
