609,'1034657',1053,,1069,5,0,22,0
609,'1034658',913,,1070,5,0,22,0
609,'1034659',808,,1071,5,0,22,0
609,'1034664',1018,,1076,5,0,22,0
609,'1034665',1632,,1077,5,0,22,0
609,'1034666',1557,,1078,5,0,22,0
609,'1034667',1337,,1079,5,0,22,0
609,'1034668',1302,,1080,5,0,22,0
609,'1034670',1707,,1082,5,0,22,0
609,'1034671',1123,,1083,5,0,22,0
609,'1034673',1447,,1085,5,0,22,0
609,'1034676',1951,,1088,5,0,22,0
609,'1034679',1522,,1091,5,0,22,0
609,'1034680',2018,,1092,5,0,22,0
609,'1034682',1742,,1094,5,0,22,0
609,'1034684',1412,,1096,5,0,22,0
609,'1034688',1227,,1100,5,0,22,0
609,'1034690',1917,,1102,5,0,22,0
609,'1034691',1817,,1103,5,0,22,0
