309,'1033972',2241,,702,5,0,9,0
309,'1034000',851,,704,5,0,9,0
309,'1034001',632,,705,5,0,9,0
309,'1034002',1428,,706,5,0,9,0
309,'1034013',1002,,709,5,0,9,0
309,'1034021',655,,712,5,0,9,0
309,'1034023',1540,,713,5,0,9,0
309,'1034026',1342,,714,5,0,9,0
309,'1034057',1958,,717,5,0,9,0
309,'1034072',2021,,719,5,0,9,0
309,'1034083',1846,,721,5,0,9,0
309,'1034130',2132,,725,5,0,9,0
309,'1034141',1758,,726,5,0,9,0
309,'1034174',1626,,729,5,0,9,0
309,'1034199',2108,,732,5,0,9,0
309,'1034208',1036,,733,5,0,9,0
309,'1034223',740,,736,5,0,9,0
309,'1034231',717,,737,5,0,9,0
309,'1034240',609,,740,5,0,9,0
309,'1034266',1821,,744,5,0,9,0
309,'1034271',1516,,745,5,0,9,0
309,'1034272',828,,746,5,0,9,0
309,'1034294',1319,,747,5,0,9,0
309,'1034323',1454,,748,5,0,9,0
309,'1034329',1144,,749,5,0,9,0
309,'1034332',1735,,750,5,0,9,0
309,'1034334',1116,,751,5,0,9,0
309,'1034337',915,,752,5,0,9,0
309,'1034338',939,,753,5,0,9,0
309,'1034365',2348,,757,5,0,9,0
309,'1034398',804,,761,5,0,9,0
309,'1034418',1712,,762,5,0,9,0
309,'1034419',1910,,763,5,0,9,0
309,'1034420',1255,,764,5,0,9,0
309,'1034426',1230,,767,5,0,9,0
309,'1034431',1210,,770,5,0,9,0
309,'1034448',1404,,773,5,0,9,0
309,'1034455',1602,,774,5,0,9,0
309,'1034463',1649,,775,5,0,9,0
