109,'1032216',914,,2,7,,,0
109,'1032223',722,,3,7,0,7 8,0
109,'1032230',1704,,5,7,0,7 8,0
109,'1032231',1855,,6,7,,,0
109,'1032239',631,,7,7,0,7 8,0
109,'1032273',2105,,10,7,,,0
109,'1032281',2127,,13,7,,,0
109,'1032302',1500,,17,7,,,0
109,'1032304',1313,,18,7,0,7 8,0
109,'1032306',2301,,19,7,,,0
109,'1032309',1834,,21,7,,,0
109,'1032333',846,,25,7,,,0
109,'1032334',2009,,26,7,,,0
109,'1032336',1429,,27,7,,,0
109,'1032343',1547,,29,7,0,7 8,0
109,'1032347',1739,,30,7,0,7 8,0
109,'1032358',1244,,31,7,0,7 8,0
109,'1032373',2215,,34,7,,,0
109,'1032385',1220,,35,7,,,0
109,'1032398',1059,,37,7,,,0
109,'1032415',1151,,39,7,,,0
109,'1032418',1408,,41,7,,,0
109,'1032424',2327,,43,7,,,0
109,'1032437',745,,45,7,0,7 8,0
109,'1032449',544,,47,7,0,7 8,0
109,'1032450',1945,,48,7,,,0
109,'1032451',1800,,49,7,0,7 8,0
109,'1032474',1643,,53,7,0,7 8,0
109,'1032475',813,,54,7,0,7 8,0
109,'1032487',1036,,58,7,,,0
109,'1032502',1128,,64,7,,,0
109,'1032518',2153,,67,7,,,0
109,'1032519',1521,,68,7,,,0
109,'1032520',937,,69,7,,,0
109,'1032525',1339,,71,7,,,0
109,'1032528',1919,,72,7,,,0
109,'1032529',1608,,73,7,0,7 8,0
109,'1032531',2241,,74,7,,,0
209,'1032555',901,,118,5,,,0
209,'1032556',839,,119,5,,,0
209,'1032557',1243,,120,5,,,0
209,'1032560',2311,,121,5,,,0
209,'1032561',1643,,122,5,,,0
209,'1032562',2105,,123,5,,,0
209,'1032565',1307,,124,5,,,0
209,'1032567',1107,,125,5,,,0
209,'1032569',2329,,126,5,,,0
209,'1032570',2126,,127,5,,,0
209,'1032574',1419,,128,5,,,0
209,'1032575',1929,,129,5,,,0
209,'1032577',814,,130,5,,,0
209,'1032578',1443,,131,5,,,0
209,'1032579',1905,,132,5,,,0
209,'1032580',1531,,133,5,,,0
209,'1032581',643,,134,5,,,0
209,'1032586',1013,,135,5,,,0
209,'1032587',1555,,136,5,,,0
209,'1032588',729,,137,5,,,0
209,'1032593',1219,,138,5,,,0
209,'1032594',1131,,139,5,,,0
209,'1032596',2044,,140,5,,,0
209,'1032597',1843,,141,5,,,0
209,'1032598',1707,,142,5,,,0
209,'1032599',1731,,143,5,,,0
209,'1032600',1755,,144,5,,,0
209,'1032602',2229,,145,5,,,0
209,'1032603',2250,,146,5,,,0
209,'1032604',2147,,147,5,,,0
209,'1032605',1331,,148,5,,,0
209,'1032607',2208,,149,5,,,0
209,'1032608',1507,,150,5,,,0
209,'1032609',1819,,151,5,,,0
209,'1032610',949,,152,5,,,0
209,'1032611',1950,,153,5,,,0
209,'1032612',1619,,154,5,,,0
209,'1032614',1155,,155,5,,,0
209,'1032615',925,,156,5,,,0
209,'1032616',752,,157,5,,,0
209,'1032617',1355,,158,5,,,0
