309,'1032208',1714,,159,0,10,0
309,'1032224',718,,160,0,10,0
309,'1032235',1759,,161,0,10,0
309,'1032236',1651,,162,0,10,0
309,'1032241',633,,163,0,10,0
309,'1032243',805,,164,0,10,0
309,'1032245',1518,,165,0,10,0
309,'1032248',1456,,166,0,10,0
309,'1032264',2242,,167,0,10,0
309,'1032267',1405,,168,0,10,0
309,'1032284',1822,,169,0,10,0
309,'1032295',1959,,170,0,10,0
309,'1032298',1256,,171,0,10,0
309,'1032301',1003,,172,0,10,0
309,'1032303',916,,173,0,10,0
309,'1032318',1231,,174,0,10,0
309,'1032320',610,,175,0,10,0
309,'1032335',1145,,176,0,10,0
309,'1032350',1320,,177,0,10,0
309,'1032355',1343,,178,0,10,0
309,'1032363',1736,,179,0,10,0
309,'1032369',1604,,180,0,10,0
309,'1032377',656,,181,0,10,0
309,'1032399',1847,,182,0,10,0
309,'1032404',1542,,183,0,10,0
309,'1032407',2133,,184,0,10,0
309,'1032411',1911,,185,0,10,0
309,'1032412',1429,,186,0,10,0
309,'1032421',1211,,187,0,10,0
309,'1032430',1037,,188,0,10,0
309,'1032436',2022,,189,0,10,0
309,'1032446',1117,,190,0,10,0
309,'1032452',1628,,191,0,10,0
309,'1032472',741,,192,0,10,0
309,'1032473',852,,193,0,10,0
309,'1032476',2349,,194,0,10,0
309,'1032513',829,,195,0,10,0
309,'1032516',940,,196,0,10,0
309,'1032530',2109,,197,0,10,0
