209,'1032034',1719,,77,10,4,,0
209,'1032043',1143,,78,10,4,,0
209,'1032044',1207,,79,10,4,,0
209,'1032047',1455,,80,10,4,,0
209,'1032050',1001,,81,10,4,,0
209,'1032051',1939,,82,10,4,,0
209,'1032057',2218,,83,10,4,,0
209,'1032059',1655,,84,10,4,,0
209,'1032063',741,,85,10,4,,0
209,'1032075',2321,,86,10,4,,0
209,'1032077',2054,,87,10,4,,0
209,'1032080',2033,,88,10,4,,0
209,'1032088',1854,,89,10,4,,0
209,'1032090',913,,90,10,4,,0
209,'1032092',2136,,91,10,4,,0
209,'1032094',1543,,92,10,4,,0
209,'1032096',937,,93,10,4,,0
209,'1032107',2115,,94,10,4,,0
209,'1032110',1407,,95,10,4,,0
209,'1032111',849,,96,10,4,,0
209,'1032115',2157,,97,10,4,,0
209,'1032124',717,,98,10,4,,0
209,'1032125',1519,,99,10,4,,0
209,'1032127',1343,,100,10,4,,0
209,'1032134',1231,,101,10,4,,0
209,'1032138',1807,,102,10,4,,0
209,'1032141',1743,,103,10,4,,0
209,'1032150',1831,,104,10,4,,0
209,'1032154',803,,105,10,4,,0
209,'1032166',1918,,106,10,4,,0
209,'1032171',827,,107,10,4,,0
209,'1032174',2239,,108,10,4,,0
209,'1032176',2300,,109,10,4,,0
209,'1032178',1631,,110,10,4,,0
209,'1032180',1431,,111,10,4,,0
209,'1032182',1607,,112,10,4,,0
209,'1032188',1055,,113,10,4,,0
209,'1032190',1119,,114,10,4,,0
209,'1032191',1319,,115,10,4,,0
209,'1032197',631,,116,10,4,,0
209,'1032199',1255,,117,10,4,,0
209,'1032555',855,,118,1,,,0
209,'1032556',833,,119,1,,,0
209,'1032557',1237,,120,1,,,0
209,'1032560',2306,,121,1,,,0
209,'1032561',1637,,122,1,,,0
209,'1032562',2100,,123,1,,,0
209,'1032565',1301,,124,1,,,0
209,'1032567',1101,,125,1,,,0
209,'1032569',2324,,126,1,,,0
209,'1032570',2121,,127,1,,,0
209,'1032574',1413,,128,1,,,0
209,'1032575',1924,,129,1,,,0
209,'1032577',809,,130,1,,,0
209,'1032578',1437,,131,1,,,0
209,'1032579',1900,,132,1,,,0
209,'1032580',1525,,133,1,,,0
209,'1032581',638,,134,1,,,0
209,'1032586',1007,,135,1,,,0
209,'1032587',1549,,136,1,,,0
209,'1032588',724,,137,1,,,0
209,'1032593',1213,,138,1,,,0
209,'1032594',1125,,139,1,,,0
209,'1032596',2039,,140,1,,,0
209,'1032597',1837,,141,1,,,0
209,'1032598',1701,,142,1,,,0
209,'1032599',1725,,143,1,,,0
209,'1032600',1749,,144,1,,,0
209,'1032602',2224,,145,1,,,0
209,'1032603',2245,,146,1,,,0
209,'1032604',2142,,147,1,,,0
209,'1032605',1325,,148,1,,,0
209,'1032607',2203,,149,1,,,0
209,'1032608',1501,,150,1,,,0
209,'1032609',1813,,151,1,,,0
209,'1032610',943,,152,1,,,0
209,'1032611',1945,,153,1,,,0
209,'1032612',1613,,154,1,,,0
209,'1032614',1149,,155,1,,,0
209,'1032615',919,,156,1,,,0
209,'1032616',747,,157,1,,,0
209,'1032617',1349,,158,1,,,0
