109,'1033981',2314,,516,3,,,0
109,'1033986',2249,,517,3,,,0
109,'1034005',2157,,519,3,,,0
109,'1034007',659,,520,3,0,7 8,0
109,'1034015',1401,,521,3,,,0
109,'1034017',1153,,522,3,,,0
109,'1034018',725,,523,3,0,7 8,0
109,'1034027',632,,525,3,0,7 8,0
109,'1034039',1840,,526,3,,,0
109,'1034040',1657,,527,3,0,7 8,0
109,'1034045',1310,,529,3,,,0
109,'1034060',1254,,531,3,0,7 8,0
109,'1034069',957,,534,3,,,0
109,'1034111',1521,,541,3,,,0
109,'1034117',1022,,543,3,,,0
109,'1034132',1449,,545,3,,,0
109,'1034144',2106,,549,3,,,0
109,'1034180',1856,,552,3,,,0
109,'1034183',1719,,554,3,0,7 8,0
109,'1034209',2002,,556,3,,,0
109,'1034212',1912,,557,3,,,0
109,'1034214',1417,,558,3,,,0
109,'1034239',1609,,561,3,0,7 8,0
109,'1034241',1641,,562,3,0,7 8,0
109,'1034243',1433,,563,3,,,0
109,'1034248',820,,564,3,0,7 8,0
109,'1034251',2223,,567,3,,,0
109,'1034261',1045,,568,3,,,0
109,'1034262',856,,569,3,,,0
109,'1034265',1128,,570,3,,,0
109,'1034280',1209,,572,3,,,0
109,'1034292',1107,,576,3,,,0
109,'1034300',539,,577,3,0,7 8,0
109,'1034307',1807,,580,3,0,7 8,0
109,'1034313',1505,,582,3,,,0
109,'1034319',1345,,584,3,,,0
109,'1034346',2050,,589,3,,,0
109,'1034358',936,,590,3,,,0
109,'1034368',2034,,594,3,,,0
109,'1034371',1735,,595,3,0,7 8,0
109,'1034378',1553,,596,3,,,0
109,'1034387',1751,,599,3,0,7 8,0
109,'1034396',1326,,602,3,,,0
109,'1034402',2341,,603,3,,,0
109,'1034416',1224,,606,3,,,0
109,'1034417',2131,,607,3,,,0
109,'1034430',916,,608,3,,,0
109,'1034434',1928,,609,3,,,0
109,'1034444',754,,610,3,0,7 8,0
109,'1034465',1537,,612,3,,,0
109,'1034476',1238,,614,3,0,7 8,0
109,'1034478',1824,,615,3,,,0
109,'1034479',1625,,616,3,0,7 8,0
