909,'1033985',1900,,837,2,4,,0
909,'1034019',1740,,838,1,,,0
909,'1034025',1110,,839,1,,,0
909,'1034089',1100,,840,2,4,,0
909,'1034090',1910,,841,1,,,0
909,'1034106',1730,,842,2,4,,0
909,'1034181',1230,,843,2,4,,0
909,'1034228',1610,,844,1,,,0
909,'1034263',1430,,845,2,4,,0
909,'1034270',935,,846,2,4,,0
909,'1034320',1240,,847,1,,,0
909,'1034393',1440,,848,1,,,0
909,'1034437',1600,,849,2,4,,0
909,'1034467',940,,850,1,,,0
909,'1034599',935,,1053,3,4,,0
909,'1034600',1730,,1054,3,4,,0
909,'1034601',1110,,1055,1,,,0
909,'1034602',1610,,1056,1,,,0
909,'1034603',1230,,1057,3,4,,0
909,'1034604',1440,,1058,1,,,0
909,'1034605',1430,,1059,3,4,,0
909,'1034606',940,,1060,1,,,0
909,'1034607',1740,,1061,1,,,0
909,'1034608',1240,,1062,1,,,0
909,'1034609',1910,,1063,1,,,0
909,'1034610',1600,,1064,3,4,,0
909,'1034611',1900,,1065,3,4,,0
909,'1034612',1100,,1066,3,4,,0
