20000509,'1032746',658,,438,4,,,0
20000509,'1032748',1747,,439,4,,,0
20000509,'1032749',2250,,440,4,,,0
20000509,'1032750',2213,,441,4,,,0
20000509,'1032751',2057,,442,4,,,0
20000509,'1032752',1347,,443,4,,,0
20000509,'1032756',2017,,444,4,,,0
20000509,'1032757',1427,,445,4,,,0
20000509,'1032760',922,,446,4,,,0
20000509,'1032761',1109,,447,4,,,0
20000509,'1032765',1907,,448,4,,,0
20000509,'1032768',1827,,449,4,,,0
20000509,'1032777',1707,,450,4,,,0
20000509,'1032778',1627,,451,4,,,0
20000509,'1032782',810,,453,4,,,0
20000509,'1032783',734,,454,4,,,0
20000509,'1032787',846,,455,4,,,0
20000509,'1032789',2136,,456,4,,,0
20000509,'1032790',1148,,457,4,,,0
20000509,'1032792',1507,,458,4,,,0
20000509,'1032796',1307,,459,4,,,0
20000509,'1032801',2327,,460,4,,,0
20000509,'1032804',1000,,461,4,,,0
20000509,'1032807',622,,462,4,,,0
20000509,'1032809',1547,,463,4,,,0
20000509,'1032816',1227,,464,4,,,0
20000509,'1032817',2404,,465,4,,,0
