209,'1033960',1441,,617,11,0,11,0
209,'1033963',2219,,619,11,0,11,0
209,'1033970',1317,,622,11,0,11,0
209,'1033983',2249,,623,11,0,11,0
209,'1033989',1938,,624,11,0,11,0
209,'1033990',1732,,625,11,0,11,0
209,'1034004',1607,,627,11,0,11,0
209,'1034028',824,,630,11,0,11,0
209,'1034034',1154,,632,11,0,11,0
209,'1034044',2319,,633,11,0,11,0
209,'1034064',854,,636,11,0,11,0
209,'1034145',1215,,650,11,0,11,0
209,'1034149',2343,,651,11,0,11,0
209,'1034157',1751,,654,11,0,11,0
209,'1034163',1545,,656,11,0,11,0
209,'1034164',1101,,657,11,0,11,0
209,'1034196',1710,,662,11,0,11,0
209,'1034202',1959,,663,11,0,11,0
209,'1034205',1649,,664,11,0,11,0
209,'1034216',1420,,666,11,0,11,0
209,'1034218',757,,667,11,0,11,0
209,'1034226',1917,,668,11,0,11,0
209,'1034227',1235,,669,11,0,11,0
209,'1034230',1503,,671,11,0,11,0
209,'1034273',2149,,672,11,0,11,0
209,'1034278',2118,,673,11,0,11,0
209,'1034285',953,,674,11,0,11,0
209,'1034295',1128,,675,11,0,11,0
209,'1034296',921,,676,11,0,11,0
209,'1034297',1835,,677,11,0,11,0
209,'1034308',2049,,679,11,0,11,0
209,'1034325',1338,,682,11,0,11,0
209,'1034326',730,,683,11,0,11,0
209,'1034327',2023,,684,11,0,11,0
209,'1034343',1024,,685,11,0,11,0
209,'1034355',1628,,686,11,0,11,0
209,'1034369',1524,,689,11,0,11,0
209,'1034386',1256,,692,11,0,11,0
209,'1034395',636,,694,11,0,11,0
209,'1034414',1359,,696,11,0,11,0
209,'1034433',1812,,697,11,0,11,0
209,'1034477',1856,,700,11,0,11,0
409,'1034046',1451,,782,4,0,24 3 25,0
409,'1034047',1200,,783,4,0,24 3 25,0
409,'1034084',1404,,784,4,0,24 3 25,0
409,'1034136',1024,,786,4,0,24 3 25,0
409,'1034147',936,,787,4,0,24 3 25,0
409,'1034177',1317,,789,4,0,24 3 25,0
409,'1034197',1655,,791,4,0,24 3 25,0
409,'1034373',1538,,793,4,0,24 3 25,0
409,'1034436',1112,,795,4,0,24 3 25,0
