103,13,1,0
103,14,2,0
103,15,3,0
103,16,4,0
103,17,5,0
103,18,6,0
103,19,7,0
103,20,8,0
103,21,9,0
103,22,10,1
104,2,1,0
104,3,2,0
104,4,3,0
104,5,4,0
104,6,5,0
104,7,6,0
104,8,7,0
104,9,8,0
104,10,9,0
104,11,10,1
203,37,1,0
203,38,2,0
203,15,3,0
203,16,4,0
203,17,5,0
203,42,6,0
203,43,7,1
204,30,1,0
204,31,2,0
204,32,3,0
204,33,4,0
204,7,5,0
204,8,6,0
204,36,7,0
204,37,8,1
303,109,1,0
303,110,2,0
303,23,3,0
303,18,4,1
304,18,1,0
304,20,2,0
304,22,3,0
304,24,4,0
304,103,5,0
304,104,6,0
304,105,7,0
304,106,8,0
304,107,9,0
304,108,10,0
304,109,11,1
403,56,1,0
403,12,2,0
403,6,3,0
403,7,4,0
403,8,5,0
403,54,6,0
403,55,7,1
404,56,1,0
404,57,2,0
404,58,3,0
404,16,4,0
404,17,5,0
404,18,6,0
404,12,7,1
